-0.000000,0.000000
-0.000000,0.000000
-0.000000,0.000000
-0.000000,0.000000
-0.000000,0.000000
-0.000000,0.000000
-0.000000,0.000000
-0.000000,0.000000
-0.000000,0.000000
-0.000000,0.000000
-0.000000,0.000000
-0.000000,0.000000
-0.000000,0.000000
-0.000000,0.000000
-0.000000,0.000000
-0.000000,0.000000
-0.000000,0.000000
-0.000000,0.000000
-0.000000,0.000000
-0.000000,0.000000
-0.000000,0.000000
-0.000000,0.000000
-0.000000,0.000000
-0.000000,0.000000
-0.000000,0.000000
-0.000000,0.000000
-0.000000,0.000000
-0.000000,0.000000
-0.000000,0.000000
-0.000000,0.000000
-0.000000,0.000000
-0.000000,0.000000
-0.000000,0.000000
-0.000000,0.000000
-0.000000,0.000000
-0.000000,0.000000
-0.000000,0.000000
-0.000000,0.000000
-0.000000,0.000000
-0.000000,0.000000
-0.000000,0.000000
-0.000000,0.000000
-0.000000,0.000000
-0.000000,0.000000
-0.000000,0.000000
-0.000000,0.000000
-0.000000,0.000000
-0.000000,0.000000
-0.000000,0.000000
-0.000000,0.000000
-0.000000,0.000000
-0.000000,0.000000
-0.000000,0.000000
-0.000000,0.000000
-0.000000,0.000000
-0.000000,0.000000
-0.000000,0.000000
-0.000000,0.000000
-0.431045,-0.366334
-0.431045,-0.366334
-0.220366,-1.486876
-0.220366,-1.486876
1.099419,-1.291509
1.202357,0.004410
1.202357,0.004410
0.790380,1.140313
0.084711,1.095250
0.084711,1.095250
0.084711,1.095250
0.951015,0.626722
1.042750,-0.784513
0.283720,-1.528740
0.283720,-1.528740
-0.176957,-0.992292
-0.176957,-0.992292
-0.231552,-0.386470
-0.231552,-0.386470
-0.438457,-0.471264
-0.438457,-0.471264
-0.290446,-1.184071
0.035561,-2.210579
0.035561,-2.210579
1.281501,-3.002811
2.791989,-2.911013
4.202122,-2.335231
4.202122,-2.335231
4.327256,-0.837118
4.150097,0.565955
4.659531,1.157966
4.659531,1.157966
5.957842,1.038013
6.154842,0.835057
6.154842,0.835057
6.154842,0.835057
6.737476,-0.373470
6.737476,-0.373470
6.316589,-1.867744
6.316589,-1.867744
5.605868,-2.658234
5.290278,-3.854229
6.791415,-3.773052
6.791415,-3.773052
8.293720,-3.591177
9.499441,-3.105136
9.515031,-1.705223
9.515031,-1.705223
9.229981,-0.302102
9.143243,0.998850
9.143243,0.998850
8.765073,2.074483
8.765073,2.074483
8.694160,1.668317
8.987708,0.386198
8.987708,0.386198
9.196437,-1.102571
9.597783,-2.476951
10.055317,-3.245497
10.055317,-3.245497
11.288845,-3.655873
11.373800,-3.449033
11.373800,-3.449033
11.373800,-3.449033
11.776793,-4.822932
12.087918,-6.303878
12.491734,-7.677535
12.491734,-7.677535
12.598957,-7.769748
12.598957,-7.769748
12.598957,-7.769748
12.598957,-7.769748
12.598957,-7.769748
12.598957,-7.769748
12.598957,-7.769748
12.598957,-7.769748
12.598957,-7.769748
12.598957,-7.769748
12.598957,-7.769748
12.598957,-7.769748
12.598957,-7.769748
12.598957,-7.769748
12.598957,-7.769748
12.598957,-7.769748
12.598957,-7.769748
12.598957,-7.769748
12.598957,-7.769748
12.598957,-7.769748
12.598957,-7.769748
12.598957,-7.769748
12.598957,-7.769748
12.598957,-7.769748
12.598957,-7.769748
12.598957,-7.769748
12.598957,-7.769748
12.598957,-7.769748
12.598957,-7.769748
12.598957,-7.769748
12.598957,-7.769748
12.384456,-7.585386
12.361761,-7.286246
12.361761,-7.286246
12.270624,-6.089712
12.270624,-6.089712
11.979711,-4.908454
11.780497,-3.619923
11.780497,-3.619923
11.159218,-3.366916
11.159218,-3.366916
9.939651,-3.160380
9.939651,-3.160380
9.939651,-3.160380
9.939651,-3.160380
8.716706,-4.162580
9.328860,-5.517300
9.328860,-5.517300
9.941570,-6.871769
10.031891,-7.968055
9.857328,-8.283535
9.857328,-8.283535
9.624703,-9.105658
9.234428,-9.238645
9.234428,-9.238645
9.234428,-9.238645
10.122892,-9.063625
11.110929,-8.879827
11.110929,-8.879827
10.404981,-8.839378
10.404981,-8.839378
10.046586,-8.167400
10.046586,-8.167400
10.020850,-7.868506
10.020850,-7.868506
10.020850,-7.868506
10.116671,-6.655733
9.588267,-5.196011
8.686886,-4.070172
8.686886,-4.070172
7.257277,-3.794094
5.880254,-4.116283
4.622277,-4.714192
4.622277,-4.714192
4.599481,-5.718921
5.175358,-6.677235
5.175358,-6.677235
6.395069,-6.882913
7.132075,-7.326560
7.132075,-7.326560
7.003598,-8.239519
7.003598,-8.239519
5.608001,-8.350465
5.608001,-8.350465
5.085678,-8.091276
5.085678,-8.091276
4.997478,-6.994818
4.924893,-6.097749
4.924893,-6.097749
4.835664,-5.001374
4.835664,-5.001374
5.683712,-4.329947
7.070786,-4.115411
7.070786,-4.115411
8.341597,-3.709157
9.711872,-3.294009
9.711872,-3.294009
9.603380,-1.998544
9.386240,-0.611875
9.386240,-0.611875
9.185328,0.575405
8.975373,1.862230
8.975373,1.862230
8.858672,2.052968
8.849364,2.152534
8.849364,2.152534
8.849364,2.152534
9.042439,1.166267
9.354297,-0.009635
9.354297,-0.009635
9.576558,-1.294391
9.690353,-2.488984
9.690353,-2.488984
9.586531,-3.503489
8.212098,-3.836560
8.212098,-3.836560
6.908506,-3.862012
5.794332,-3.769189
5.794332,-3.769189
4.811258,-2.960755
4.694305,-1.766467
4.694305,-1.766467
4.576827,-0.572232
4.558337,0.631786
4.558337,0.631786
4.936625,0.870318
4.926704,0.969825
4.926704,0.969825
4.687838,1.347903
4.687838,1.347903
4.916268,2.074415
4.916268,2.074415
5.990589,2.383985
6.079981,2.493571
6.079981,2.493571
6.079981,2.493571
4.906449,2.172914
3.710813,2.070660
3.710813,2.070660
2.424164,1.859630
1.328255,1.764844
1.328255,1.764844
0.141433,1.561242
-1.027865,1.157830
-1.027865,1.157830
-1.317951,1.031933
-0.828703,1.175587
-0.828703,1.175587
0.448476,1.489933
0.448476,1.489933
1.834011,1.714195
3.219438,1.939123
3.219438,1.939123
4.514162,2.056123
5.790735,2.372924
5.790735,2.372924
6.080395,2.499797
5.781652,2.472366
5.781652,2.472366
4.505538,2.153724
3.310671,2.042853
3.310671,2.042853
2.125144,1.831839
0.949810,1.517849
0.949810,1.517849
-0.244624,1.402402
-1.111414,1.016818
-1.111414,1.016818
-1.310469,0.997398
-0.424516,1.184716
-0.424516,1.184716
0.759908,1.401831
1.944234,1.619481
1.944234,1.619481
3.118573,1.937172
4.322572,1.956877
4.322572,1.956877
4.621363,0.981826
4.929876,0.912401
4.929876,0.912401
4.929876,0.912401
5.238420,0.843115
5.238420,0.843115
6.482834,0.467038
7.012819,-0.785605
7.012819,-0.785605
6.857225,-2.208907
6.023449,-2.897977
6.023449,-2.897977
4.541708,-3.151833
3.049744,-3.306891
1.675858,-3.709927
1.675858,-3.709927
0.618880,-2.986880
0.114670,-1.620947
0.114670,-1.620947
-0.030507,-1.030250
-0.130216,-1.037880
-0.130216,-1.037880
0.245552,-0.708034
0.245552,-0.708034
0.245552,-0.708034
0.245552,-0.708034
0.245552,-0.708034
0.245552,-0.708034
0.245552,-0.708034
0.245552,-0.708034
0.245552,-0.708034
0.245552,-0.708034
0.245552,-0.708034
0.245552,-0.708034
0.245552,-0.708034
0.245552,-0.708034
0.245552,-0.708034
0.245552,-0.708034
0.245552,-0.708034
0.245552,-0.708034
0.245552,-0.708034
0.245552,-0.708034
0.245552,-0.708034
0.245552,-0.708034
0.245552,-0.708034
0.245552,-0.708034
0.245552,-0.708034
0.245552,-0.708034
0.245552,-0.708034
0.245552,-0.708034
0.245552,-0.708034
0.245552,-0.708034
0.245552,-0.708034
0.245552,-0.708034
0.245552,-0.708034
0.245552,-0.708034
0.245552,-0.708034
0.245552,-0.708034
0.245552,-0.708034
0.245552,-0.708034
0.245552,-0.708034
0.245552,-0.708034
0.245552,-0.708034
0.245552,-0.708034
0.245552,-0.708034
0.245552,-0.708034
0.245552,-0.708034
0.245552,-0.708034
0.245552,-0.708034
0.245552,-0.708034
0.245552,-0.708034
0.245552,-0.708034
0.245552,-0.708034
0.245552,-0.708034
0.245552,-0.708034
0.245552,-0.708034
0.245552,-0.708034
0.245552,-0.708034
0.245552,-0.708034
0.245552,-0.708034
0.245552,-0.708034
0.245552,-0.708034
0.245552,-0.708034
0.245552,-0.708034
0.245552,-0.708034
0.245552,-0.708034
0.245552,-0.708034
0.245552,-0.708034
0.245552,-0.708034
0.245552,-0.708034
0.245552,-0.708034
0.245552,-0.708034
0.245552,-0.708034
0.245552,-0.708034
0.245552,-0.708034
0.245552,-0.708034
0.245552,-0.708034
0.245552,-0.708034
0.245552,-0.708034
0.245552,-0.708034
0.245552,-0.708034
0.245552,-0.708034
0.245552,-0.708034
0.245552,-0.708034
0.245552,-0.708034
-0.114569,-1.237480
-0.114569,-1.237480
0.285776,-2.510164
0.285776,-2.510164
1.054196,-3.352500
1.277256,-3.635775
1.277256,-3.635775
2.772511,-3.516562
4.144022,-3.105519
5.455906,-3.200178
5.736308,-4.180676
5.736308,-4.180676
4.796754,-4.959931
4.182357,-4.809876
4.182357,-4.809876
3.808519,-5.141909
2.728966,-5.432707
2.728966,-5.432707
3.127562,-5.399226
3.127562,-5.399226
3.127562,-5.399226
3.127562,-5.399226
2.312340,-5.275074
1.027536,-5.497061
1.027536,-5.497061
0.297379,-6.269635
0.354446,-6.866915
0.354446,-6.866915
0.511612,-7.454536
0.669053,-8.042084
0.836468,-8.729086
0.836468,-8.729086
1.671639,-9.049225
2.368275,-8.980685
2.368275,-8.980685
3.055042,-8.812304
3.353749,-7.777522
3.303858,-7.280017
3.303858,-7.280017
3.143662,-6.693214
2.883438,-6.116774
2.074290,-5.094385
2.074290,-5.094385
0.702353,-5.437590
0.188389,-6.295401
0.340067,-6.782221
0.425416,-7.476999
0.425416,-7.476999
0.598305,-8.060187
0.598305,-8.060187
0.783748,-8.742544
1.440928,-9.164580
1.440928,-9.164580
2.036270,-9.089959
2.730799,-9.002616
2.730799,-9.002616
3.424360,-8.108763
3.424360,-8.108763
3.447965,-7.500945
3.384763,-7.004955
3.384763,-7.004955
3.395188,-6.297925
3.008574,-5.641778
3.008574,-5.641778
1.629867,-5.113413
0.404581,-5.775738
0.395316,-6.482784
0.373456,-7.090668
0.373456,-7.090668
0.550406,-7.672637
0.839752,-8.340678
0.839752,-8.340678
1.539293,-9.055270
2.147228,-9.075635
2.147228,-9.075635
2.728080,-8.895051
3.636446,-8.163702
3.636446,-8.163702
3.540002,-7.470378
3.358063,-6.889948
3.175899,-6.309589
3.175899,-6.309589
2.866692,-5.545135
1.410686,-5.245058
1.410686,-5.245058
0.433605,-6.191267
0.517889,-6.785318
0.517889,-6.785318
0.503639,-7.393427
0.687609,-7.973216
0.886271,-8.651842
0.886271,-8.651842
1.763932,-9.131124
2.471037,-9.129599
3.120565,-8.731964
3.120565,-8.731964
3.386484,-7.783657
3.497552,-7.161030
3.497552,-7.161030
3.410263,-6.567414
3.124663,-6.003116
2.087756,-5.145897
2.087756,-5.145897
0.755340,-5.669985
0.475232,-6.425987
0.557183,-6.919226
0.557183,-6.919226
0.656306,-7.510981
0.739233,-8.004056
1.069397,-8.759696
1.069397,-8.759696
1.990135,-8.807049
2.598409,-8.805549
3.255129,-8.491353
3.255129,-8.491353
3.695920,-7.503576
3.693817,-6.895303
3.693817,-6.895303
3.511018,-6.419295
3.426626,-5.926468
2.452128,-4.977598
2.452128,-4.977598
1.024646,-5.527411
0.552186,-6.319106
0.552186,-6.319106
0.654236,-6.910364
0.838135,-7.385949
0.923665,-7.878580
1.043634,-8.568222
1.043634,-8.568222
2.119872,-8.871061
2.690211,-8.659606
2.690211,-8.659606
3.437985,-8.311994
3.856779,-7.314692
3.856779,-7.314692
3.762002,-6.823757
3.549465,-6.253819
3.257701,-5.801190
2.202263,-5.089819
2.202263,-5.089819
0.964583,-5.534960
0.785155,-6.181339
0.785155,-6.181339
0.802347,-6.789372
0.917834,-7.378153
0.935355,-7.986177
0.935355,-7.986177
1.188090,-8.751764
2.031026,-8.891259
2.031026,-8.891259
2.540927,-8.892322
3.247015,-8.854379
3.777163,-8.443352
3.777163,-8.443352
3.817210,-7.619703
3.702341,-7.030802
3.702341,-7.030802
3.606362,-6.540100
3.392604,-5.970620
3.392604,-5.970620
2.945174,-4.733767
1.748501,-4.867838
1.748501,-4.867838
0.492506,-5.217805
0.237004,-5.472204
0.237004,-5.472204
1.316052,-5.258531
1.316052,-5.258531
2.551485,-5.319397
3.826592,-5.066213
4.689812,-4.792623
4.689812,-4.792623
5.964345,-5.048678
5.964345,-5.048678
6.630973,-5.323646
6.905058,-6.696555
6.905058,-6.696555
6.787260,-8.147803
6.728737,-8.873458
6.728737,-8.873458
6.743773,-9.481548
6.759173,-10.089629
6.774938,-10.697701
6.790884,-11.305768
6.790884,-11.305768
5.631908,-11.632532
4.298551,-11.586069
4.298551,-11.586069
4.031034,-10.211866
3.011242,-10.206941
1.754513,-10.554258
1.754513,-10.554258
-0.031133,-10.802191
-1.503063,-11.091021
-3.092314,-11.301453
-3.092314,-11.301453
-4.583385,-11.493046
-6.055054,-11.783197
-7.546010,-11.975685
-7.546010,-11.975685
-8.938808,-12.149216
-10.527742,-12.362027
-11.999063,-12.653941
-11.999063,-12.653941
-13.411196,-12.730640
-14.771898,-12.099380
-14.771898,-12.099380
-15.681297,-13.110810
-14.844104,-14.159194
-14.844104,-14.159194
-14.356014,-15.486509
-14.140006,-16.974239
-13.923594,-18.461910
-13.923594,-18.461910
-13.609003,-19.928551
-13.489557,-21.437105
-13.153147,-23.001339
-13.153147,-23.001339
-12.914073,-24.586533
-12.695648,-26.073910
-12.695648,-26.073910
-12.357967,-27.637871
-12.138735,-29.125130
-12.138735,-29.125130
-11.256108,-30.366486
-9.956237,-30.698654
-8.822184,-31.680450
-8.822184,-31.680450
-8.155222,-32.865845
-7.976505,-34.157379
-7.735704,-35.641296
-7.735704,-35.641296
-7.397083,-37.102573
-7.252892,-38.608963
-6.890851,-40.167465
-6.890851,-40.167465
-6.573697,-41.531067
-6.428282,-43.037338
-6.428282,-43.037338
-6.132752,-44.303303
-6.132752,-44.303303
-5.422026,-43.829098
-5.958551,-42.414127
-6.375284,-41.073856
-6.375284,-41.073856
-6.620504,-39.590660
-7.158179,-38.176125
-7.404203,-36.693062
-7.404203,-36.693062
-7.576207,-35.089809
-7.823035,-33.606880
-7.823035,-33.606880
-7.875611,-32.078079
-6.914744,-30.926239
-5.455040,-30.580893
-5.455040,-30.580893
-4.041821,-30.039772
-2.583987,-29.686611
-2.583987,-29.686611
-1.297040,-29.477406
0.304978,-29.294275
0.304978,-29.294275
1.786163,-29.037193
3.340714,-28.658546
3.340714,-28.658546
4.942549,-28.473818
6.423476,-28.215254
7.880600,-27.859179
7.880600,-27.859179
9.411009,-27.381844
10.867866,-27.024677
12.299022,-26.982334
12.299022,-26.982334
12.299022,-26.982334
15.258397,-26.872335
15.258397,-26.872335
16.787968,-26.392323
18.120720,-26.784458
18.771681,-28.168745
18.771681,-28.168745
19.325911,-29.576874
19.686352,-31.032925
19.974148,-32.610004
19.974148,-32.610004
20.063284,-34.137112
20.152740,-35.664200
20.364588,-37.262672
20.364588,-37.262672
20.719530,-38.616932
20.719530,-38.616932
21.670963,-39.091038
21.269518,-37.955765
21.269518,-37.955765
20.791594,-36.530426
20.603504,-35.028885
20.603504,-35.028885
20.486351,-33.405220
20.175455,-31.832535
19.889725,-30.356609
19.889725,-30.356609
19.313614,-28.957289
18.762745,-27.654774
18.762745,-27.654774
18.547209,-26.056791
18.479164,-24.626627
18.456295,-22.977543
18.456295,-22.977543
18.336416,-21.354080
18.241833,-19.827301
18.243584,-18.274885
18.243584,-18.274885
18.117662,-16.651880
18.017397,-15.125463
17.820253,-13.625086
17.820253,-13.625086
17.912449,-12.046638
18.494726,-10.750121
19.820206,-10.288492
19.820206,-10.288492
21.145590,-9.826585
22.139282,-8.521758
22.139282,-8.521758
23.088457,-7.435909
23.695530,-6.235300
23.695530,-6.235300
22.661640,-5.479607
22.661640,-5.479607
21.660751,-6.373040
20.511110,-7.099900
19.055208,-7.081273
19.055208,-7.081273
17.458839,-7.308452
15.862519,-7.535966
15.862519,-7.535966
14.292547,-7.860295
12.792839,-8.062473
11.293174,-8.264966
11.293174,-8.264966
10.144754,-8.993754
9.732765,-10.142782
9.732765,-10.142782
8.355898,-10.415246
7.382995,-11.406941
7.366700,-12.862872
7.366700,-12.862872
6.815654,-14.257988
5.966516,-15.320516
5.966516,-15.320516
5.513119,-16.689615
4.621584,-17.972256
3.923146,-19.201965
3.923146,-19.201965
4.558209,-20.375292
5.718794,-21.195683
5.718794,-21.195683
6.906430,-22.111937
7.998107,-23.054401
7.998107,-23.054401
9.357734,-23.092020
10.176597,-21.930357
10.176597,-21.930357
11.091547,-20.741718
11.936718,-19.676033
12.577970,-18.251675
12.577970,-18.251675
12.351721,-17.068960
11.092667,-16.278530
11.092667,-16.278530
10.018641,-15.443982
8.848115,-14.637836
8.848115,-14.637836
7.485218,-13.887828
6.150063,-13.234100
6.150063,-13.234100
5.192940,-14.241035
4.511781,-15.480398
3.762751,-16.843834
3.762751,-16.843834
3.762751,-16.843834
1.774601,-17.527399
1.774601,-17.527399
0.574636,-16.627354
-0.597477,-15.823519
-0.597477,-15.823519
-1.933685,-15.171947
-2.818288,-14.284546
-2.818288,-14.284546
-3.059723,-13.104839
-1.936328,-12.671270
-1.936328,-12.671270
-0.452175,-12.756667
1.003807,-12.745852
1.003807,-12.745852
2.335643,-12.667038
3.543310,-12.520269
3.543310,-12.520269
4.338991,-12.390302
4.773272,-11.741148
4.773272,-11.741148
5.518700,-12.146534
5.518700,-12.146534
5.656355,-13.670033
4.665413,-14.902119
4.665413,-14.902119
4.019180,-16.240917
3.153038,-17.540840
2.258703,-18.745068
2.258703,-18.745068
1.364850,-19.949654
0.624657,-21.317905
0.624657,-21.317905
-0.172162,-22.494799
-1.064325,-23.700636
-1.860437,-24.878008
-1.860437,-24.878008
-2.894715,-24.561361
-2.894715,-24.561361
-4.168359,-23.794659
-5.212237,-22.750475
-6.352106,-21.735241
-6.352106,-21.735241
-7.338883,-20.883026
-6.477693,-19.579819
-6.477693,-19.579819
-5.559576,-18.467587
-4.670797,-17.259253
-4.670797,-17.259253
-3.871825,-16.083820
-2.817229,-15.771047
-2.817229,-15.771047
-1.708599,-16.693510
-0.503680,-17.586914
0.577065,-18.412739
0.577065,-18.412739
1.715399,-19.429695
2.758159,-20.474995
3.648289,-21.356850
3.648289,-21.356850
3.648289,-21.356850
5.840847,-23.101179
5.840847,-23.101179
6.855902,-24.049686
7.938233,-24.873434
7.938233,-24.873434
7.335055,-25.994226
6.607598,-27.048174
5.544858,-27.681091
5.544858,-27.681091
4.309317,-27.739729
3.006934,-27.923576
3.006934,-27.923576
1.991799,-28.021051
0.707456,-27.573324
0.707456,-27.573324
-0.414495,-26.972303
-0.608653,-25.986250
-0.608653,-25.986250
0.238150,-24.921860
1.014926,-23.980255
1.014926,-23.980255
1.807537,-22.722572
2.626488,-21.560968
2.626488,-21.560968
3.498646,-20.591774
3.498646,-20.591774
4.215503,-20.184200
5.474531,-20.974676
5.474531,-20.974676
6.526491,-22.133718
7.717342,-23.045790
8.839296,-24.080786
8.839296,-24.080786
9.741988,-25.073332
10.618194,-25.969025
11.879630,-26.755648
11.879630,-26.755648
13.266736,-26.881889
14.722756,-26.884144
14.722756,-26.884144
15.658135,-25.786388
15.467048,-24.385145
15.467048,-24.385145
15.248063,-22.887798
15.330701,-21.720249
15.500173,-20.431343
15.500173,-20.431343
14.800018,-19.377880
14.800018,-19.377880
13.422759,-19.648352
12.598035,-20.805862
12.598035,-20.805862
11.677289,-21.990021
10.704278,-22.981609
10.704278,-22.981609
9.758054,-24.070030
8.460742,-24.633041
8.460742,-24.633041
7.310939,-24.223221
6.194092,-23.182714
6.194092,-23.182714
5.173231,-22.116018
4.248334,-21.023054
3.113723,-20.300102
2.118190,-21.199499
2.118190,-21.199499
1.369714,-22.238626
0.525324,-23.304932
0.525324,-23.304932
0.525324,-23.304932
-1.559247,-25.133747
-1.559247,-25.133747
-1.043102,-26.235378
0.232046,-26.708666
0.232046,-26.708666
1.576615,-27.058142
3.058288,-27.179153
4.681396,-27.054558
4.681396,-27.054558
6.026298,-26.279161
6.976781,-25.194458
7.339827,-23.853489
7.339827,-23.853489
6.228203,-22.807405
5.116131,-21.761799
5.116131,-21.761799
3.977422,-20.620157
3.636444,-19.365673
4.338615,-18.138092
4.338615,-18.138092
5.355481,-16.927315
6.178920,-15.768888
6.178920,-15.768888
7.001861,-14.610110
7.920228,-13.424107
7.920228,-13.424107
8.319650,-11.861910
8.209816,-10.336152
8.215774,-9.608166
8.215774,-9.608166
8.151782,-9.003264
8.087530,-8.398391
8.087530,-8.398391
8.069695,-7.888801
8.069695,-7.888801
7.890024,-6.698121
7.834898,-5.169409
7.834898,-5.169409
7.973514,-3.594358
7.893532,-1.968442
7.738724,-0.463106
7.680357,1.065486
7.680357,1.065486
7.718406,2.617437
7.779073,4.072194
7.765261,5.406289
7.765261,5.406289
7.918565,6.472355
7.653424,6.716691
7.653424,6.716691
7.653424,6.716691
7.435449,6.766559
5.736592,6.557067
4.279704,6.200028
4.279704,6.200028
2.678184,6.012589
1.005046,6.115602
-0.620231,6.023553
-0.620231,6.023553
-2.245460,5.930642
-3.775056,5.912314
-5.346335,6.088613
-5.346335,6.088613
-6.973696,6.047415
-8.503254,6.026147
-10.053834,6.101661
-11.583364,6.078433
-11.583364,6.078433
-13.252935,6.228534
-14.761210,6.105623
-16.311979,6.177163
-16.311979,6.177163
-17.862793,6.247708
-19.489922,6.198167
-21.159966,6.342918
-22.689375,6.312829
-22.689375,6.312829
-24.197166,6.184119
-25.748240,6.248701
-27.299355,6.312289
-27.299355,6.312289
-28.850510,6.374882
-30.445528,6.631621
-31.996761,6.692226
-31.996761,6.692226
-33.645622,6.727687
-35.221298,6.859004
-35.221298,6.859004
-36.725979,6.697962
-38.254314,6.633201
-39.855938,6.446641
-39.855938,6.446641
-41.384197,6.380138
-43.033428,6.385950
-44.585579,6.414788
-44.585579,6.414788
-46.210793,6.321649
-47.762974,6.348717
-49.315170,6.374899
-49.315170,6.374899
-50.916039,6.181948
-52.541035,6.085100
-54.165981,5.987324
-54.165981,5.987324
-55.790867,5.888625
-57.366879,5.595047
-57.366879,5.595047
-59.088615,5.470027
-60.688812,5.271599
-62.290264,5.484565
-64.011780,5.356602
-64.011780,5.356602
-65.636322,5.252340
-67.433350,5.396166
-69.062874,5.687104
-69.062874,5.687104
-70.660416,5.468302
-72.238640,5.564315
-73.868622,5.852706
-73.868622,5.852706
-75.421036,5.850488
-77.018112,5.628363
-78.641075,5.501964
-78.641075,5.501964
-80.290031,5.471266
-82.061615,5.510135
-83.754745,5.258528
-83.754745,5.258528
-85.307144,5.251460
-87.008545,5.410312
-88.727592,5.252535
-90.306335,5.339506
-90.306335,5.339506
-91.998802,5.083492
-93.664680,4.730160
-95.286972,4.595309
-97.005592,4.433059
-97.005592,4.433059
-98.622574,4.244978
-100.262810,4.467751
-101.903152,4.689721
-101.903152,4.689721
-103.573410,5.006341
-105.315315,4.880682
-106.931831,4.688636
-108.542664,4.811977
-108.542664,4.811977
-110.093582,4.743735
-111.644463,4.674728
-111.644463,4.674728
-112.879120,4.599844
-112.879120,4.599844
-113.923042,4.584615
-114.369560,4.338395
-114.369560,4.338395
-114.464882,4.308173
-114.464882,4.308173
-114.404343,4.117554
-114.404343,4.117554
-114.404343,4.117554
-114.183441,4.082893
-114.183441,4.082893
-114.183441,4.082893
-114.183441,4.082893
-114.183441,4.082893
-114.213852,4.178155
-114.213852,4.178155
-114.213852,4.178155
-114.213852,4.178155
-114.213852,4.178155
-114.213852,4.178155
-114.278580,4.052420
-114.278580,4.052420
-114.217484,3.861981
-114.217484,3.861981
-113.931877,3.953768
-113.931877,3.953768
-113.931877,3.953768
-113.931877,3.953768
-113.931877,3.953768
-113.931877,3.953768
-113.931877,3.953768
-113.931877,3.953768
-113.931877,3.953768
-113.931877,3.953768
-113.931877,3.953768
-113.931877,3.953768
-113.931877,3.953768
-113.931877,3.953768
-113.931877,3.953768
-113.931877,3.953768
-113.931877,3.953768
-113.931877,3.953768
-113.931877,3.953768
-113.931877,3.953768
-114.843613,4.500336
-114.843613,4.500336
-115.748543,5.058100
-115.748543,5.058100
-115.389442,5.588240
-115.389442,5.588240
-114.572617,5.318437
-114.572617,5.318437
-115.187866,4.603263
-115.187866,4.603263
-115.187866,4.603263
-115.742210,5.373137
-115.742210,5.373137
-115.008446,5.707173
-115.008446,5.707173
-114.739571,4.848278
-114.739571,4.848278
-115.239197,3.433935
-115.230347,2.073815
-115.230347,2.073815
-115.095314,0.648414
-114.738670,-0.811999
-114.738670,-0.811999
-115.234482,-2.227688
-114.941345,-3.813270
-114.361450,-5.307832
-113.655121,-6.867032
-113.655121,-6.867032
-113.103996,-8.265696
-112.963577,-9.690577
-113.043358,-11.081130
-112.710960,-12.444768
-112.710960,-12.444768
-112.153404,-13.526031
-111.593582,-14.606124
-111.593582,-14.606124
-110.814674,-16.035566
-109.970779,-17.338581
-109.411461,-18.733988
-108.820389,-20.224165
-108.323563,-21.745075
-108.323563,-21.745075
-107.666939,-23.108469
-107.263496,-24.659996
-106.574203,-26.117689
-106.105354,-27.542534
-106.105354,-27.542534
-105.699402,-29.093405
-105.387573,-30.675417
-104.694336,-32.131241
-104.126740,-33.523300
-104.126740,-33.523300
-103.463509,-34.883492
-103.052536,-36.433041
-102.545868,-37.950703
-102.545868,-37.950703
-102.070099,-39.373253
-101.561798,-40.890366
-100.957878,-42.375385
-100.306282,-43.741192
-100.306282,-43.741192
-99.813362,-45.263374
-99.350426,-46.690151
-99.326553,-47.733910
-99.326553,-47.733910
-98.894142,-49.381035
-97.857620,-50.620235
-97.264381,-52.109554
-96.670273,-53.598526
-96.670273,-53.598526
-96.170303,-55.118404
-95.542259,-56.701298
-94.944710,-58.188892
-94.314316,-59.454834
-94.314316,-59.454834
-93.651657,-60.815308
-93.177979,-62.238552
-92.735107,-63.566658
-92.259781,-64.989357
-92.259781,-64.989357
-91.688797,-66.380035
-91.148811,-67.675575
-90.765800,-69.129295
-90.765800,-69.129295
-90.539589,-70.741379
-90.057625,-72.161842
-89.290794,-73.485466
-88.428543,-74.776405
-88.428543,-74.776405
-88.038750,-76.228317
-87.680466,-77.585388
-87.353798,-78.847641
-87.353798,-78.847641
-86.648056,-79.979866
-86.648056,-79.979866
-85.637367,-79.843849
-85.637367,-79.843849
-86.116432,-79.374275
-86.116432,-79.374275
-86.018394,-79.657806
-86.018394,-79.657806
-85.444023,-80.093811
-85.444023,-80.093811
-84.981079,-81.732613
-84.550026,-83.276695
-84.212517,-84.853424
-83.968498,-86.462914
-83.968498,-86.462914
-83.345970,-87.940231
-82.944397,-89.388931
-82.353279,-90.771164
-81.600677,-92.308556
-81.600677,-92.308556
-81.290909,-93.789787
-80.646881,-95.257866
-79.848732,-96.562843
-79.848732,-96.562843
-79.015419,-97.961266
-78.369057,-99.428307
-77.815750,-100.929588
-77.167831,-102.395943
-77.167831,-102.395943
-76.425346,-103.827278
-75.775879,-105.292946
-75.254166,-106.699295
-74.415665,-108.094612
-74.415665,-108.094612
-73.611305,-109.395767
-73.087357,-110.801285
-72.621368,-112.335182
-72.025871,-113.927475
-72.025871,-113.927475
-71.499687,-115.332153
-70.937630,-116.830185
-70.316353,-118.199127
-69.694344,-119.567741
-69.694344,-119.567741
-69.225639,-120.996140
-68.570839,-122.349373
-67.730034,-123.627281
-67.166679,-125.017471
-67.166679,-125.017471
-66.712807,-126.667923
-66.148170,-128.057602
-65.359962,-129.464264
-65.359962,-129.464264
-64.756317,-130.946030
-64.189766,-132.334915
-63.437424,-133.647919
-62.575081,-134.699753
-62.575081,-134.699753
-62.381184,-135.700958
-62.381184,-135.700958
-62.936321,-135.928604
-62.789295,-135.760132
-62.789295,-135.760132
-61.641407,-135.396317
-60.102074,-135.195190
-60.102074,-135.195190
-58.508492,-134.862793
-57.138084,-134.513519
-55.544807,-134.179657
-53.965172,-133.786285
-52.476574,-133.434036
-52.476574,-133.434036
-50.855507,-133.130478
-49.374573,-133.000702
-47.886337,-132.646942
-46.628986,-132.508896
-46.628986,-132.508896
-45.182808,-132.063278
-43.743900,-131.840668
-42.305069,-131.617569
-40.915195,-131.526688
-40.915195,-131.526688
-39.476524,-131.302612
-38.037922,-131.078049
-36.634659,-130.538742
-35.147511,-130.180435
-35.147511,-130.180435
-33.660603,-129.821121
-32.222382,-129.594116
-30.826399,-129.275940
-29.297409,-129.007263
-29.297409,-129.007263
-27.768608,-128.737518
-26.288366,-128.600082
-24.844212,-128.147964
-23.406332,-127.918861
-23.406332,-127.918861
-21.926285,-127.779350
-20.573349,-127.367561
-20.573349,-127.367561
-19.783186,-126.224907
-20.328905,-124.824127
-20.736475,-123.248093
-21.102121,-121.762733
-21.102121,-121.762733
-21.469332,-120.277756
-21.656126,-118.707687
-22.024378,-117.222969
-22.024378,-117.222969
-22.302710,-115.695709
-22.672003,-114.211250
-22.994143,-112.593773
-22.994143,-112.593773
-23.183691,-111.024040
-23.373791,-109.454369
-23.598379,-107.889259
-23.778618,-106.413620
-23.778618,-106.413620
-24.093504,-104.893471
-24.185221,-103.373077
-24.456505,-101.718872
-24.772713,-100.198997
-24.772713,-100.198997
-25.134291,-98.589882
-25.719351,-97.205070
-25.813272,-95.684814
-25.813272,-95.684814
-26.131243,-94.165314
-26.495153,-92.556725
-27.038048,-91.038414
-27.038048,-91.038414
-27.313650,-89.384911
-27.589729,-87.731499
-27.589729,-87.731499
-27.866287,-86.078163
-28.142151,-84.648514
-28.142151,-84.648514
-28.142151,-84.648514
-28.142151,-84.648514
-28.142151,-84.648514
-28.104748,-83.396072
-28.337954,-81.832230
-28.662203,-80.090149
-29.165241,-78.438797
-29.165241,-78.438797
-29.373690,-76.871460
-29.359106,-75.306282
-30.738602,-74.533638
-32.439487,-74.697906
-32.439487,-74.697906
-33.867210,-74.283646
-34.573658,-73.070824
-34.740379,-71.370178
-34.740379,-71.370178
-33.838379,-70.258240
-32.358570,-69.641655
-30.791994,-69.427559
-29.225494,-69.212898
-27.748755,-69.041916
-27.748755,-69.041916
-26.272074,-68.870399
-24.884069,-68.519051
-23.363178,-68.436104
-21.797068,-68.218620
-21.797068,-68.218620
-20.365038,-67.955376
-18.844236,-67.870781
-17.456865,-67.516937
-15.941833,-66.964966
-15.941833,-66.964966
-14.515958,-66.458122
-13.044583,-66.039726
-11.662292,-65.666534
-10.280131,-65.292862
-10.280131,-65.292862
-8.941235,-65.053375
-7.421947,-64.944870
-5.991561,-64.881699
-4.383511,-64.726219
-4.383511,-64.726219
-3.002139,-64.349632
-1.532093,-63.926590
-0.104993,-63.637829
-0.104993,-63.637829
1.502838,-63.480091
3.021850,-63.367847
4.448647,-63.077583
5.825708,-62.474506
5.825708,-62.474506
7.252300,-62.183243
8.724972,-61.980171
10.155105,-61.911476
11.619536,-61.469391
11.619536,-61.469391
13.083813,-61.026791
14.595105,-60.671841
16.153482,-60.404522
16.153482,-60.404522
17.570055,-59.872242
19.040043,-59.650581
20.604612,-59.604584
22.027084,-59.293819
23.584896,-59.023220
23.584896,-59.023220
25.047611,-58.575481
26.557650,-58.215229
28.067564,-57.854454
29.482260,-57.317204
29.482260,-57.317204
30.903961,-57.002941
32.508713,-56.816460
34.018116,-56.453560
35.622738,-56.265953
35.622738,-56.265953
37.131886,-55.901993
38.703823,-56.072338
40.220387,-55.930798
41.765324,-55.417793
41.765324,-55.417793
43.310085,-54.904263
44.767231,-54.438725
46.321228,-54.147011
47.816681,-53.543995
49.370480,-53.251228
49.370480,-53.251228
50.788147,-52.919243
52.390450,-52.712765
53.905354,-52.554470
55.420208,-52.395657
56.788639,-51.974464
56.788639,-51.974464
58.380287,-51.542435
59.933384,-51.245975
61.535263,-51.036236
63.273197,-50.864258
63.273197,-50.864258
64.913200,-50.517277
66.553085,-50.169743
68.165497,-50.181168
69.777908,-50.192039
71.291595,-50.022472
71.291595,-50.022472
72.755814,-49.765450
74.221573,-48.701710
74.906158,-47.276459
74.906158,-47.276459
74.771935,-45.626614
74.339180,-44.261799
73.856400,-42.810272
73.584068,-41.123314
73.584068,-41.123314
73.187126,-39.622501
72.876488,-38.072178
72.652115,-36.472286
72.377487,-34.785698
72.377487,-34.785698
71.891754,-33.335159
71.529243,-31.698523
71.389412,-30.049145
70.815498,-28.648922
70.277946,-27.112358
70.277946,-27.112358
70.099648,-25.599674
69.797440,-24.273521
69.245491,-22.616613
68.490311,-21.202505
68.490311,-21.202505
67.957436,-19.768616
67.679367,-18.177177
67.315804,-16.638405
66.951805,-15.099734
66.951805,-15.099734
66.587379,-13.561167
66.137512,-12.075361
65.719536,-10.452000
65.719536,-10.452000
65.268837,-8.966446
65.210320,-7.355054
64.673828,-5.922513
64.673828,-5.922513
64.254036,-4.299624
63.801666,-2.814578
63.179062,-1.435315
62.556080,-0.056224
62.556080,-0.056224
62.017578,1.375564
61.818134,3.018801
61.586300,4.524210
61.586300,4.524210
61.131435,6.008494
60.863976,7.601749
60.425205,9.090871
60.156723,10.683954
60.156723,10.683954
59.579552,12.206081
59.139343,13.694777
59.333874,15.102671
59.333874,15.102671
60.542473,16.193213
61.527931,17.265068
61.527931,17.265068
63.016064,17.707178
64.556297,18.064499
66.167984,18.114290
66.167984,18.114290
67.675056,18.335064
69.267273,18.608648
70.754700,19.053141
70.754700,19.053141
72.274780,19.635675
73.866730,19.910789
75.478317,19.963678
75.478317,19.963678
77.017632,20.324945
78.662552,20.509998
80.155853,20.368420
81.734489,20.279533
81.734489,20.279533
83.241653,20.499685
84.748734,20.720320
86.308075,20.856216
86.308075,20.856216
87.867371,20.992613
89.439880,21.489822
90.999084,21.627218
90.999084,21.627218
92.577950,21.542377
94.137062,21.680769
95.623810,22.127512
96.913063,23.275482
98.484612,23.775709
98.484612,23.775709
100.148674,23.745964
101.695229,23.526512
103.326897,23.360176
103.326897,23.360176
104.905968,23.279379
106.518082,23.312395
108.130188,23.345928
109.879471,23.345654
109.879471,23.345654
111.422905,23.688904
112.931992,23.895435
114.509857,23.793802
116.207603,23.881468
116.207603,23.881468
117.733963,23.866528
119.397583,23.818012
121.009590,23.855675
122.484314,23.927826
122.484314,23.927826
124.096313,23.966526
125.640526,23.731133
127.355957,23.599709
127.355957,23.599709
128.864380,23.811079
130.305222,23.748259
131.849731,23.514845
133.479889,23.334299
133.479889,23.334299
135.039871,23.462597
136.737198,23.557877
138.349091,23.600536
139.893875,23.368937
139.893875,23.368937
141.542633,22.966938
142.663986,21.893366
142.964951,20.437542
142.964951,20.437542
142.872772,18.859093
142.695709,17.228561
142.604538,15.650054
142.736664,14.090386
142.736664,14.090386
142.646500,12.511827
142.642151,10.985395
142.415497,9.439878
142.084900,8.064849
142.084900,8.064849
141.721741,6.552199
141.496582,5.006465
141.442368,3.565264
141.080658,2.052258
141.080658,2.052258
140.667084,0.624347
140.496292,-1.006854
140.348480,-2.499562
140.063858,-3.958667
140.063858,-3.958667
139.917160,-5.451470
139.600067,-7.048179
139.369019,-8.593043
139.171997,-10.000582
139.171997,-10.000582
138.890076,-11.460211
138.660736,-13.005338
138.379898,-14.465175
138.379898,-14.465175
138.099594,-15.925119
137.871979,-17.470501
137.782425,-19.049093
137.470657,-20.646849
137.470657,-20.646849
137.330032,-22.140236
137.052429,-23.600693
136.841248,-24.786192
136.841248,-24.786192
136.841248,-24.786192
136.841248,-24.786192
136.841248,-24.786192
136.841248,-24.786192
136.841248,-24.786192
136.841248,-24.786192
136.841248,-24.786192
136.841248,-24.786192
136.841248,-24.786192
136.841248,-24.786192
136.841248,-24.786192
136.047424,-25.977772
135.136292,-27.359739
134.363251,-28.774797
133.918365,-30.340710
133.918365,-30.340710
133.369125,-31.736538
132.545197,-33.067383
131.859390,-34.431080
131.174622,-35.795300
131.174622,-35.795300
130.405334,-37.212410
129.859283,-38.609486
129.091080,-40.027187
128.080246,-41.243011
128.080246,-41.243011
126.700523,-41.864594
125.226898,-41.956482
123.743881,-41.465908
122.409615,-40.647533
122.409615,-40.647533
120.990166,-39.882565
119.623360,-39.202972
118.139603,-38.714649
116.676826,-38.449493
116.676826,-38.449493
115.914017,-39.870094
115.169540,-41.358631
114.460594,-42.710445
113.838181,-44.011444
113.838181,-44.011444
113.096260,-45.501259
112.252525,-46.819637
111.511887,-48.310093
110.892258,-49.612419
110.892258,-49.612419
110.101562,-51.017696
109.311462,-52.423309
108.624802,-54.000801
107.835915,-55.407097
107.835915,-55.407097
107.322052,-56.882210
106.534378,-58.289177
105.661613,-59.748039
105.115593,-61.361069
104.278091,-62.683414
104.278091,-62.683414
103.990311,-64.141907
105.285164,-65.206482
106.805313,-65.884102
108.242065,-66.616028
108.242065,-66.616028
109.733940,-67.431084
111.116295,-68.078461
112.553787,-68.808929
114.075089,-69.483963
114.075089,-69.483963
115.458099,-70.129921
117.063362,-70.748909
118.279831,-71.504028
118.279831,-71.504028
119.663498,-72.148575
121.157578,-72.959572
122.541687,-73.603195
124.036316,-74.413177
125.392654,-75.194443
125.392654,-75.194443
126.916000,-75.864815
128.356216,-76.589912
129.908096,-77.120651
131.304184,-77.737862
131.304184,-77.737862
132.896286,-78.462570
134.349533,-79.161163
135.828568,-79.720169
137.282303,-80.417786
137.282303,-80.417786
138.761688,-80.975777
140.184418,-81.451027
141.689545,-81.868889
143.144226,-82.564514
143.144226,-82.564514
144.516953,-83.316620
145.807739,-84.125221
147.180969,-84.876373
148.497421,-85.544937
148.497421,-85.544937
149.953293,-86.238106
151.345215,-86.488190
152.347946,-85.303055
152.347946,-85.303055
153.096771,-83.928558
154.066040,-82.679352
154.979172,-81.346603
155.808640,-80.069122
155.808640,-80.069122
156.637558,-78.791267
157.465927,-77.513069
157.465927,-77.513069
158.182251,-76.068466
159.036743,-74.650772
159.863464,-73.371498
160.689621,-72.091873
160.689621,-72.091873
161.459366,-70.728973
162.116013,-69.199661
162.689148,-67.726044
162.689148,-67.726044
161.875504,-66.344757
160.537689,-65.439079
159.255585,-64.616753
159.255585,-64.616753
157.946518,-63.933880
156.554413,-63.307732
156.554413,-63.307732
155.300964,-62.708683
154.047256,-62.110161
152.879471,-61.816456
152.879471,-61.816456
151.823578,-60.959080
150.684250,-60.157879
150.684250,-60.157879
149.406952,-59.690456
148.045105,-58.918819
146.820251,-57.814426
145.679474,-57.015278
145.679474,-57.015278
144.787125,-56.048988
144.640457,-54.579807
144.716980,-53.442204
144.716980,-53.442204
145.043808,-52.497120
145.923218,-51.298515
145.923218,-51.298515
146.551071,-49.907192
147.234390,-48.598347
147.778244,-47.262604
147.778244,-47.262604
148.516571,-46.035873
149.198135,-44.726116
150.074295,-43.525143
150.074295,-43.525143
150.672028,-42.271069
150.435455,-40.858963
149.376526,-40.005348
149.376526,-40.005348
148.151474,-39.264225
146.821365,-39.439671
146.821365,-39.439671
146.636887,-40.772324
147.806854,-41.428947
147.806854,-41.428947
148.202866,-42.368725
147.464615,-43.595501
147.464615,-43.595501
146.726944,-44.822632
145.877304,-45.884766
145.877304,-45.884766
145.557632,-47.191605
144.626373,-48.310875
143.639282,-49.347996
143.639282,-49.347996
142.960907,-50.659412
141.914017,-51.254402
141.914017,-51.254402
140.766983,-50.464264
140.974548,-49.352097
140.974548,-49.352097
141.763611,-48.204323
142.509003,-46.981869
143.226517,-45.897808
143.226517,-45.897808
143.970688,-44.674622
144.714249,-43.451050
144.714249,-43.451050
145.096649,-42.228848
145.565186,-41.671650
145.565186,-41.671650
145.919434,-40.587906
145.919434,-40.587906
144.942947,-39.678802
143.668869,-39.937119
143.668869,-39.937119
142.899628,-40.941246
142.299240,-42.194057
142.299240,-42.194057
141.560577,-43.420578
140.710129,-44.482059
139.916458,-45.626640
139.916458,-45.626640
139.123352,-46.771622
138.582428,-48.108559
137.703964,-48.950165
137.703964,-48.950165
136.531631,-48.297756
136.523102,-47.576691
136.523102,-47.576691
137.426331,-46.594765
138.093491,-45.277611
138.093491,-45.277611
138.702866,-43.878086
139.565216,-42.667160
140.312515,-41.291828
141.034485,-40.055389
141.034485,-40.055389
141.477356,-38.769371
142.214615,-38.253181
142.214615,-38.253181
143.058716,-38.760620
143.058716,-38.760620
144.214645,-39.537697
145.534607,-40.199291
146.773056,-40.917763
146.773056,-40.917763
147.954315,-41.553890
149.193451,-42.271194
149.193451,-42.271194
149.884933,-43.251949
149.168777,-44.491753
148.453201,-45.731903
148.453201,-45.731903
147.738205,-46.972374
147.197693,-48.252167
147.197693,-48.252167
146.377686,-49.492161
145.618195,-50.812454
145.139282,-52.172840
145.139282,-52.172840
144.600815,-53.453480
144.482956,-54.793671
144.482956,-54.793671
144.785751,-56.193069
145.947861,-57.070278
147.250381,-57.966637
147.250381,-57.966637
148.553253,-58.862473
150.156128,-59.656715
150.156128,-59.656715
151.599808,-60.570946
151.599808,-60.570946
153.002869,-61.264774
154.026993,-62.119865
155.407059,-62.538670
155.407059,-62.538670
156.605438,-63.365639
158.035675,-64.001587
159.388916,-64.700676
159.388916,-64.700676
160.860214,-64.913460
162.422241,-64.921394
163.910873,-64.211494
163.910873,-64.211494
164.953583,-62.961391
165.778046,-61.761284
165.778046,-61.761284
166.615494,-60.420135
167.107208,-58.975067
167.880096,-57.556396
167.880096,-57.556396
168.588760,-56.060463
169.552231,-54.872311
170.323837,-53.452934
170.954208,-52.020237
170.954208,-52.020237
171.567520,-50.580147
172.321335,-49.151245
172.933746,-47.710785
172.933746,-47.710785
173.416031,-46.117851
173.745605,-44.654510
173.745605,-44.654510
173.933731,-43.179863
174.609268,-41.814693
175.349304,-40.525379
176.088943,-39.235825
176.088943,-39.235825
176.698212,-37.794033
177.371628,-36.427837
177.371628,-36.427837
177.979111,-34.985268
178.662064,-33.477428
179.203522,-31.958609
179.203522,-31.958609
179.950684,-30.526218
180.621552,-29.158747
181.432999,-27.801712
181.432999,-27.801712
182.309250,-26.520239
182.772552,-25.065825
183.578339,-23.705420
183.578339,-23.705420
184.177109,-22.259222
184.775421,-20.812847
185.570023,-19.592751
185.570023,-19.592751
186.308517,-18.155876
187.046112,-16.718533
187.717590,-15.205553
187.717590,-15.205553
188.651382,-13.993930
189.453369,-12.631275
190.057693,-11.042315
190.057693,-11.042315
190.793060,-9.603837
191.321075,-8.080295
191.321075,-8.080295
191.632233,-6.612918
192.563782,-5.399567
193.222107,-4.026019
193.222107,-4.026019
194.021118,-2.661622
194.612686,-1.212474
195.062683,0.246127
195.062683,0.246127
195.512222,1.704867
196.481140,3.157853
197.235321,4.547530
197.852554,6.083442
197.852554,6.083442
198.533051,7.405145
199.149536,8.941365
199.624329,10.482334
200.240067,12.018850
200.240067,12.018850
200.850906,13.414146
201.392975,14.882529
202.144485,16.273653
202.144485,16.273653
202.963806,17.592258
202.963806,17.592258
203.846924,18.696846
204.447067,19.810322
204.447067,19.810322
204.348434,21.228157
203.748352,22.448780
203.748352,22.448780
202.783859,23.326124
202.783859,23.326124
201.378525,23.650211
200.093964,23.263050
200.093964,23.263050
199.007309,22.374708
198.268204,21.263971
198.268204,21.263971
198.228195,19.850323
199.193970,18.974365
199.193970,18.974365
200.232590,18.167349
201.634567,17.704262
201.634567,17.704262
203.055923,17.948690
204.137085,18.697756
204.137085,18.697756
204.667633,20.027615
204.667633,20.027615
204.353348,21.521349
203.465820,22.747034
202.215424,23.628223
202.215424,23.628223
200.885056,24.157482
199.402405,24.265894
197.919724,24.373955
197.919724,24.373955
196.505951,24.409204
195.023224,24.516548
193.612900,24.692499
193.612900,24.692499
192.057724,24.730146
190.574921,24.836420
189.098816,25.225113
189.098816,25.225113
187.612640,25.189289
186.271149,25.291212
186.271149,25.291212
184.791489,25.537437
183.308548,25.641935
181.819229,25.463299
181.819229,25.463299
180.188553,25.287457
178.693085,24.825340
177.059418,24.507322
175.570267,24.327253
174.011978,24.219034
174.011978,24.219034
172.528870,24.321037
170.904343,24.425619
169.282715,24.671211
167.802429,24.913534
167.802429,24.913534
166.247101,24.944828
164.619675,24.906464
163.061569,24.795624
161.570068,24.470943
161.570068,24.470943
160.081360,24.287302
158.453964,24.247372
156.895966,24.135033
156.895966,24.135033
155.340591,24.163710
153.710648,23.981205
152.299210,24.148003
151.178024,24.733641
151.178024,24.733641
149.768982,25.041162
148.275742,24.571854
146.926422,24.241186
145.373383,24.408651
145.373383,24.408651
143.746094,24.364426
142.192932,24.530771
140.567902,24.627153
139.010254,24.509949
139.010254,24.509949
137.524414,24.461983
135.964706,24.202631
134.339584,24.297457
132.784119,24.320152
131.228653,24.342485
131.228653,24.342485
129.456070,24.013914
127.828903,23.965773
126.130074,23.847494
124.644333,23.796671
124.644333,23.796671
123.087006,23.675348
121.390083,23.696856
119.904388,23.644604
118.277306,23.593725
118.277306,23.593725
116.720093,23.470905
115.161247,23.206297
113.743889,22.939693
112.115265,22.745834
112.115265,22.745834
110.629646,22.691441
109.145569,22.778107
107.664452,23.147255
106.038918,23.234653
106.038918,23.234653
104.479111,22.826015
102.990799,22.487009
101.503922,22.289062
99.876976,22.233482
99.876976,22.233482
98.321411,22.247591
96.767082,22.402737
95.209076,22.133259
93.649963,21.721994
93.649963,21.721994
92.090935,21.310345
90.534241,21.181164
89.048820,21.121777
87.349724,20.851471
87.349724,20.851471
85.863319,20.649950
84.376968,20.448074
82.819481,20.175602
81.403481,19.901850
81.403481,19.901850
79.918152,19.840321
78.361702,19.708141
76.876396,19.645899
75.531754,19.441107
75.531754,19.441107
74.259712,19.589169
73.838272,20.156965
73.838272,20.156965
74.829544,20.435108
74.829544,20.435108
74.755333,19.657618
73.907417,19.802652
73.907417,19.802652
74.193672,20.650038
74.898636,20.081684
74.898636,20.081684
73.906693,19.519506
73.906693,19.519506
72.350594,19.383213
70.793671,18.963711
69.306961,18.331503
67.820404,17.698935
66.334656,17.348850
66.334656,17.348850
64.778496,17.068893
63.293007,16.717743
61.666370,16.507847
60.181210,16.297403
60.181210,16.297403
58.625320,16.015951
57.069595,15.875550
55.513897,15.734770
54.028938,15.522898
54.028938,15.522898
52.544029,15.310669
51.129944,14.885969
49.503792,14.531525
47.948490,14.106034
47.948490,14.106034
46.393219,13.821222
44.837795,13.677451
43.353493,13.321305
41.940125,12.894226
41.940125,12.894226
40.526863,12.466814
38.901043,12.250664
37.346561,11.822185
37.346561,11.822185
35.650764,11.392915
34.237461,11.105563
32.751816,11.312598
31.125742,11.235920
31.125742,11.235920
29.570669,11.088411
28.158234,10.658282
26.744650,10.510647
25.331764,10.221257
25.331764,10.221257
23.635416,10.071566
22.081251,9.780775
20.598238,9.419275
20.598238,9.419275
18.973108,9.198052
17.419147,8.906137
15.862682,9.038106
14.307971,8.886864
12.756078,8.310993
12.756078,8.310993
11.203361,7.876166
9.579544,7.511180
7.955813,7.145802
6.330044,7.062868
6.330044,7.062868
4.705393,6.838128
3.010654,6.541724
1.528691,6.175949
1.528691,6.175949
-0.024490,5.879928
-1.648924,5.653626
-3.273303,5.426934
-4.827572,5.271209
-4.827572,5.271209
-6.383136,5.256526
-7.938700,5.241467
-8.928601,5.231647
-8.928601,5.231647
-8.927164,5.090234
-8.927164,5.090234
-8.717250,5.304560
-8.717250,5.304560
-9.071536,5.371504
-9.071536,5.371504
-9.127301,4.027298
-8.895098,2.262057
-8.895098,2.262057
-8.594227,0.709807
-8.364524,-0.772500
-8.064614,-2.183192
-7.837686,-3.382569
-7.696277,-3.380794
-7.696277,-3.380794
-7.696277,-3.380794
-7.696277,-3.380794
-7.696277,-3.380794
-7.696277,-3.380794
-7.696277,-3.380794
-7.852443,-2.251363
-7.852443,-2.251363
-7.648785,-1.612206
-7.648785,-1.612206
-7.513113,-1.186067
-7.513113,-1.186067
-7.513113,-1.186067
-7.513113,-1.186067
-7.513113,-1.186067
-7.513113,-1.186067
-7.513113,-1.186067
-7.513113,-1.186067
-7.513113,-1.186067
-7.513113,-1.186067
-7.513113,-1.186067
-7.513113,-1.186067
-7.513113,-1.186067
-7.513113,-1.186067
-7.513113,-1.186067
-7.513113,-1.186067
-7.513113,-1.186067
-7.513113,-1.186067
-8.142635,-1.689754
-8.194524,-3.034116
-7.680462,-4.370433
-7.680462,-4.370433
-7.375113,-5.921806
-7.284627,-7.264123
-7.198051,-8.323606
-7.198051,-8.323606
-6.978415,-8.815296
-6.897883,-9.450525
-6.747604,-10.013922
-6.747604,-10.013922
-6.597055,-10.577247
-7.009663,-11.291222
-7.009663,-11.291222
-8.423680,-11.314766
-9.698679,-11.194860
-10.358315,-9.862613
-10.358315,-9.862613
-10.358315,-9.862613
-12.826578,-10.259692
-14.304955,-10.639694
-15.857777,-10.809235
-15.857777,-10.809235
-17.413151,-10.837750
-19.035276,-11.080047
-20.657343,-11.322733
-22.210001,-11.493766
-22.210001,-11.493766
-23.759890,-11.806566
-25.384544,-11.909029
-26.795685,-12.078384
-26.795685,-12.078384
-28.148825,-11.610395
-29.415627,-11.918957
-29.415627,-11.918957
-29.176008,-13.257832
-28.376368,-14.302135
-28.376368,-14.302135
-28.202351,-15.854464
-28.024961,-17.548138
-27.708809,-19.097347
-27.602833,-20.721777
-27.602833,-20.721777
-27.427324,-22.273935
-27.182316,-23.753790
-27.182316,-23.753790
-27.006062,-25.305864
-26.757139,-26.926987
-26.652449,-28.409903
-26.652449,-28.409903
-26.126524,-29.741594
-24.706085,-29.991301
-23.416948,-30.668152
-23.416948,-30.668152
-22.748682,-31.996090
-22.500830,-33.475471
-22.531939,-35.103058
-22.531939,-35.103058
-22.141996,-36.578842
-21.962011,-38.130489
-21.712736,-39.609631
-21.712736,-39.609631
-21.390631,-41.157612
-21.282021,-42.640247
-21.282021,-42.640247
-21.321720,-43.843754
-21.321720,-43.843754
-20.473480,-43.821674
-20.618567,-43.684017
-20.618567,-43.684017
-20.797413,-42.274048
-20.907804,-40.791546
-20.907804,-40.791546
-21.301292,-39.316700
-21.339787,-37.903011
-21.451246,-36.420589
-21.451246,-36.420589
-21.635704,-34.869469
-21.893194,-33.249683
-22.215778,-31.844002
-22.215778,-31.844002
-21.545443,-30.551466
-20.148169,-29.945145
-18.670055,-29.689829
-18.670055,-29.689829
-17.183681,-29.716164
-15.774366,-29.532236
-14.223739,-29.343678
-14.223739,-29.343678
-12.737346,-29.368940
-11.259666,-29.111139
-9.782048,-28.852982
-9.782048,-28.852982
-8.163204,-28.589655
-6.754200,-28.403357
-5.281358,-28.002430
-5.281358,-28.002430
-3.872445,-27.815454
-3.872445,-27.815454
-3.872445,-27.815454
-0.689847,-27.782698
0.864954,-27.731758
2.287726,-27.967798
2.287726,-27.967798
3.514989,-28.705246
4.683587,-29.798120
5.150511,-31.055891
5.150511,-31.055891
5.271588,-32.537560
5.393021,-34.019199
5.446574,-35.573910
5.446574,-35.573910
5.710056,-37.050587
5.618086,-38.468876
5.618086,-38.468876
5.814096,-40.018581
6.813434,-40.266216
6.813434,-40.266216
6.495502,-39.286972
6.495502,-39.286972
6.162116,-37.883812
5.896507,-36.407516
5.896507,-36.407516
5.839962,-34.852909
5.437490,-33.523239
5.312140,-32.041927
5.312140,-32.041927
5.045112,-30.565887
4.641681,-29.236509
4.441948,-27.687283
4.441948,-27.687283
4.388507,-26.274078
4.402698,-24.787539
4.402698,-24.787539
4.207259,-23.379772
4.079417,-21.898672
4.516482,-20.395681
4.516482,-20.395681
4.387928,-18.914642
4.468212,-17.354660
4.406813,-15.800236
4.418501,-14.313676
4.418501,-14.313676
4.785928,-12.883642
5.802838,-11.780967
5.802838,-11.780967
7.136539,-11.514048
8.452715,-10.822906
9.468300,-9.719009
9.468300,-9.719009
10.483619,-8.614868
10.859865,-7.466633
10.859865,-7.466633
9.711541,-7.090664
8.697019,-8.195537
8.697019,-8.195537
7.357778,-8.323727
5.803585,-8.390732
4.470531,-8.660852
2.922531,-8.869890
2.922531,-8.869890
1.442129,-9.005559
-0.247054,-9.221567
-0.247054,-9.221567
-1.936188,-9.437984
-2.739810,-10.464722
-2.739810,-10.464722
-3.838402,-11.221750
-5.036086,-11.346475
-5.626909,-10.807097
-5.626909,-10.807097
-5.861445,-10.322336
-5.861445,-10.322336
-5.961324,-9.689860
-5.987592,-9.124786
-5.987592,-9.124786
-6.101127,-8.209847
-6.101127,-8.209847
-6.026207,-6.790558
-6.234155,-5.384584
-6.234155,-5.384584
-6.644282,-4.200611
-7.982892,-4.335236
-7.982892,-4.335236
-9.455958,-4.618214
-10.868534,-4.686256
-11.783277,-4.801330
-11.783277,-4.801330
-11.574833,-4.720397
-11.076994,-4.766850
-11.076994,-4.766850
-11.076994,-4.766850
-11.076994,-4.766850
-11.076994,-4.766850
-11.076994,-4.766850
-11.076994,-4.766850
-11.076994,-4.766850
-11.076994,-4.766850
-11.076994,-4.766850
-11.076994,-4.766850
-11.076994,-4.766850
-11.076994,-4.766850
-11.076994,-4.766850
-11.076994,-4.766850
-11.076994,-4.766850
-11.076994,-4.766850
-11.076994,-4.766850
-11.076994,-4.766850
-11.076994,-4.766850
-11.076994,-4.766850
-11.076994,-4.766850
-11.076994,-4.766850
-11.076994,-4.766850
-11.076994,-4.766850
-11.076994,-4.766850
-11.076994,-4.766850
-11.076994,-4.766850
-11.076994,-4.766850
-11.076994,-4.766850
-11.076994,-4.766850
-11.076994,-4.766850
-11.076994,-4.766850
-11.076994,-4.766850
-11.076994,-4.766850
-11.076994,-4.766850
-11.076994,-4.766850
-11.076994,-4.766850
-11.076994,-4.766850
-11.076994,-4.766850
-11.076994,-4.766850
-11.076994,-4.766850
-10.720398,-4.820127
-10.847699,-5.109600
-10.847699,-5.109600
-11.007010,-6.179467
-10.798663,-6.098284
-10.798663,-6.098284
-10.798663,-6.098284
-10.798663,-6.098284
-10.798663,-6.098284
-10.798663,-6.098284
-10.798663,-6.098284
-10.798663,-6.098284
-10.798663,-6.098284
-10.798663,-6.098284
-10.798663,-6.098284
-10.798663,-6.098284
-10.798663,-6.098284
-10.798663,-6.098284
-10.798663,-6.098284
-10.798663,-6.098284
-10.798663,-6.098284
-10.798663,-6.098284
-10.798663,-6.098284
-10.798663,-6.098284
-10.798663,-6.098284
-10.798663,-6.098284
-10.798663,-6.098284
-10.798663,-6.098284
-10.798663,-6.098284
-10.798663,-6.098284
-10.798663,-6.098284
-10.798663,-6.098284
-10.798663,-6.098284
-10.798663,-6.098284
-10.798663,-6.098284
-10.798663,-6.098284
-10.798663,-6.098284
-10.724471,-6.165332
-10.724471,-6.165332
-10.724471,-6.165332
-10.724471,-6.165332
-10.724471,-6.165332
-10.724471,-6.165332
-10.724471,-6.165332
-10.724471,-6.165332
-10.724471,-6.165332
-10.724471,-6.165332
-10.724471,-6.165332
-10.813034,-5.815823
-10.813034,-5.815823
-10.372788,-4.731300
-10.372788,-4.731300
-9.391385,-4.539347
-9.391385,-4.539347
-9.391385,-4.539347
-9.235594,-4.814537
-9.235594,-4.814537
-8.261675,-4.480644
-8.194753,-4.406340
-8.194753,-4.406340
-8.194753,-4.406340
-8.194753,-4.406340
-8.194753,-4.406340
-7.072352,-4.205791
-6.715719,-2.912417
-6.715719,-2.912417
-7.808567,-2.333035
-9.138897,-2.616281
-10.469156,-2.899843
-10.469156,-2.899843
-11.413619,-2.454882
-11.043303,-1.443513
-11.043303,-1.443513
-10.904184,-0.090502
-11.181339,1.098274
-11.181339,1.098274
-11.895113,1.200880
-11.895113,1.200880
-11.083569,0.608093
-10.872267,-0.654981
-10.872267,-0.654981
-11.456841,-1.608013
-11.311605,-2.945514
-11.311605,-2.945514
-10.032903,-3.015700
-8.844596,-2.736545
-8.844596,-2.736545
-7.730934,-2.390484
-7.520473,-1.103743
-7.520473,-1.103743
-7.592707,0.166999
-7.225553,1.179519
-7.225553,1.179519
-6.370321,1.086893
-5.333242,0.296662
-5.333242,0.296662
-5.326298,-1.048683
-5.609593,-2.269232
-6.365520,-2.667452
-6.365520,-2.667452
-7.220942,-3.780217
-7.951588,-4.602509
-7.951588,-4.602509
-8.059300,-5.175569
-7.818143,-5.657068
-7.818143,-5.657068
-7.586403,-4.793184
-7.586403,-4.793184
-7.064070,-4.053479
-7.064070,-4.053479
-7.064070,-4.053479
-7.064070,-4.053479
-7.064070,-4.053479
-7.064070,-4.053479
-7.064070,-4.053479
-7.064070,-4.053479
-7.064070,-4.053479
-7.064070,-4.053479
-7.064070,-4.053479
-7.064070,-4.053479
-7.064070,-4.053479
-7.064070,-4.053479
-7.064070,-4.053479
-7.064070,-4.053479
-7.064070,-4.053479
-7.064070,-4.053479
-7.064070,-4.053479
-7.064070,-4.053479
-7.064070,-4.053479
-7.064070,-4.053479
-7.064070,-4.053479
-7.064070,-4.053479
-7.064070,-4.053479
-7.064070,-4.053479
-7.064070,-4.053479
-7.064070,-4.053479
-7.064070,-4.053479
-7.064070,-4.053479
-7.064070,-4.053479
-7.064070,-4.053479
-7.064070,-4.053479
-7.064070,-4.053479
-7.064070,-4.053479
-7.064070,-4.053479
-7.064070,-4.053479
-7.064070,-4.053479
-7.064070,-4.053479
-7.064070,-4.053479
-7.064070,-4.053479
-7.064070,-4.053479
-7.130402,-4.128311
-7.130402,-4.128311
-6.490897,-4.160484
-6.490897,-4.160484
-6.067413,-4.134778
-6.067413,-4.134778
-6.067413,-4.134778
-6.067413,-4.134778
-6.067413,-4.134778
-6.067413,-4.134778
-6.067413,-4.134778
-6.067413,-4.134778
-6.067413,-4.134778
-6.067413,-4.134778
-6.067413,-4.134778
-6.067413,-4.134778
-6.067413,-4.134778
-6.067413,-4.134778
-6.067413,-4.134778
-6.067413,-4.134778
-6.067413,-4.134778
-6.067413,-4.134778
-6.067413,-4.134778
-5.229058,-3.942001
-3.950006,-4.005428
-3.310473,-4.036989
-3.310473,-4.036989
-3.760046,-3.639643
-4.889255,-3.709551
-4.889255,-3.709551
-6.168368,-3.647354
-7.059280,-2.994456
-7.059280,-2.994456
-8.514929,-2.377135
-9.974743,-2.823174
-11.262821,-2.621064
-11.973953,-1.461628
-12.018833,-0.755947
-12.186996,-0.341555
-12.186996,-0.341555
-12.337172,-0.209467
-12.337172,-0.209467
-12.337172,-0.209467
-11.856834,0.034000
-11.856834,0.034000
-11.856834,0.034000
-11.856834,0.034000
-11.856834,0.034000
-11.856834,0.034000
-11.856834,0.034000
-11.856834,0.034000
-11.856834,0.034000
-11.856834,0.034000
-11.856834,0.034000
-11.856834,0.034000
-11.856834,0.034000
-11.856834,0.034000
-11.856834,0.034000
-11.856834,0.034000
-11.856834,0.034000
-11.856834,0.034000
-11.856834,0.034000
-11.856834,0.034000
-11.856834,0.034000
-11.856834,0.034000
-11.856834,0.034000
-11.856834,0.034000
-11.856834,0.034000
-11.856834,0.034000
-11.856834,0.034000
-11.856834,0.034000
-11.856834,0.034000
-11.856834,0.034000
-11.856834,0.034000
-11.856834,0.034000
-11.856834,0.034000
-11.856834,0.034000
-11.856834,0.034000
-11.856834,0.034000
-11.856834,0.034000
-11.856834,0.034000
-11.856834,0.034000
-11.856834,0.034000
-12.195987,-0.200471
-12.195987,-0.200471
-12.403079,-0.284800
-12.403079,-0.284800
-12.403079,-0.284800
-12.281474,-1.056300
-12.281474,-1.056300
-11.633181,-2.289068
-10.448193,-3.060950
-9.196970,-2.694282
-9.196970,-2.694282
-7.785895,-2.600113
-6.816733,-3.314763
-5.706295,-4.019693
-5.706295,-4.019693
-4.163705,-3.773887
-2.762275,-3.537264
-2.349923,-2.304395
-2.349923,-2.304395
-2.587219,-0.903076
-2.683762,0.507838
-2.683762,0.507838
-3.089770,1.259608
-3.089770,1.259608
-3.089770,1.259608
-2.797875,1.137964
-2.797875,1.137964
-2.797875,1.137964
-2.797875,1.137964
-2.797875,1.137964
-2.797875,1.137964
-2.797875,1.137964
-2.797875,1.137964
-2.797875,1.137964
-2.797875,1.137964
-2.797875,1.137964
-2.797875,1.137964
-2.797875,1.137964
-2.797875,1.137964
-2.797875,1.137964
-2.797875,1.137964
-2.797875,1.137964
-2.797875,1.137964
-2.797875,1.137964
-2.797875,1.137964
-2.797875,1.137964
-2.797875,1.137964
-2.797875,1.137964
-2.797875,1.137964
-2.797875,1.137964
-2.797875,1.137964
-2.797875,1.137964
-2.797875,1.137964
-2.797875,1.137964
-2.797875,1.137964
-2.797875,1.137964
-2.797875,1.137964
-2.797875,1.137964
-2.797875,1.137964
-2.797875,1.137964
-2.797875,1.137964
-2.797875,1.137964
-2.797875,1.137964
-2.797875,1.137964
-2.797875,1.137964
-2.797875,1.137964
-2.797875,1.137964
-2.797875,1.137964
-2.797875,1.137964
-2.797875,1.137964
-2.797875,1.137964
-2.797875,1.137964
-2.797875,1.137964
-2.797875,1.137964
-2.797875,1.137964
-2.797875,1.137964
-2.797875,1.137964
-2.797875,1.137964
-2.797875,1.137964
-2.797875,1.137964
-2.797875,1.137964
-2.797875,1.137964
-2.797875,1.137964
-2.797875,1.137964
-2.797875,1.137964
-2.797875,1.137964
-2.797875,1.137964
-2.797875,1.137964
-2.797875,1.137964
-2.797875,1.137964
-2.797875,1.137964
-2.797875,1.137964
-2.797875,1.137964
-2.797875,1.137964
-2.797875,1.137964
-2.797875,1.137964
-2.797875,1.137964
-2.797875,1.137964
-2.797875,1.137964
-2.797875,1.137964
-2.797875,1.137964
-2.797875,1.137964
-2.797875,1.137964
-2.797875,1.137964
-2.797875,1.137964
-2.797875,1.137964
-2.797875,1.137964
-2.797875,1.137964
-2.797875,1.137964
-2.797875,1.137964
-2.797875,1.137964
-2.797875,1.137964
-2.797875,1.137964
-2.797875,1.137964
-2.797875,1.137964
-2.797875,1.137964
-2.797875,1.137964
-2.797875,1.137964
-2.797875,1.137964
-2.797875,1.137964
-2.797875,1.137964
-2.797875,1.137964
-2.797875,1.137964
-2.797875,1.137964
-2.797875,1.137964
-2.797875,1.137964
-2.797875,1.137964
-2.797875,1.137964
-2.797875,1.137964
-2.797875,1.137964
-2.797875,1.137964
-2.797875,1.137964
-2.797875,1.137964
-2.797875,1.137964
-2.797875,1.137964
-2.797875,1.137964
-2.797875,1.137964
-2.797875,1.137964
-2.797875,1.137964
-2.797875,1.137964
-2.797875,1.137964
-2.797875,1.137964
-2.797875,1.137964
-2.797875,1.137964
-2.797875,1.137964
-2.797875,1.137964
-2.797875,1.137964
-2.797875,1.137964
-2.797875,1.137964
-2.797875,1.137964
-2.797875,1.137964
-2.797875,1.137964
-2.797875,1.137964
-2.797875,1.137964
-2.797875,1.137964
-2.797875,1.137964
-2.797875,1.137964
-2.797875,1.137964
-2.797875,1.137964
-2.797875,1.137964
-2.797875,1.137964
-2.883049,1.344714
-2.883049,1.344714
-2.883049,1.344714
-2.883049,1.344714
-2.883049,1.344714
-2.883049,1.344714
-2.883049,1.344714
-2.883049,1.344714
-2.883049,1.344714
-2.883049,1.344714
-2.883049,1.344714
-2.883049,1.344714
-2.883049,1.344714
-2.883049,1.344714
-2.883049,1.344714
-2.883049,1.344714
-2.883049,1.344714
-2.788034,0.996903
-2.788034,0.996903
-2.643816,-0.056284
-2.545239,-1.467057
-2.662881,-2.822106
-2.662881,-2.822106
-3.308692,-3.718171
-4.719395,-3.817765
-6.195609,-3.993228
-7.586210,-4.375631
-8.100158,-5.121192
-8.100158,-5.121192
-7.994294,-5.609856
-7.918701,-5.675321
-7.918701,-5.675321
-7.918701,-5.675321
-7.918701,-5.675321
-7.918701,-5.675321
-7.918701,-5.675321
-7.918701,-5.675321
-7.918701,-5.675321
-7.918701,-5.675321
-7.918701,-5.675321
-7.918701,-5.675321
-7.918701,-5.675321
-7.918701,-5.675321
-7.918701,-5.675321
-7.918701,-5.675321
-7.918701,-5.675321
-7.918701,-5.675321
-7.918701,-5.675321
-7.918701,-5.675321
-7.918701,-5.675321
-7.918701,-5.675321
-7.918701,-5.675321
-7.918701,-5.675321
-7.918701,-5.675321
-7.918701,-5.675321
-7.918701,-5.675321
-7.918701,-5.675321
-7.918701,-5.675321
-7.918701,-5.675321
-7.918701,-5.675321
-7.918701,-5.675321
-7.918701,-5.675321
-7.918701,-5.675321
-7.918701,-5.675321
-7.918701,-5.675321
-7.918701,-5.675321
-7.918701,-5.675321
-7.918701,-5.675321
-7.918701,-5.675321
-7.918701,-5.675321
-7.908537,-5.816375
-7.908537,-5.816375
-7.908537,-5.816375
-7.828663,-4.959858
-7.260435,-3.996992
-7.260435,-3.996992
-6.616781,-3.099380
-7.270518,-3.856102
-7.270518,-3.856102
-8.044453,-4.905398
-7.992622,-5.610603
-7.992622,-5.610603
-7.992622,-5.610603
-7.992622,-5.610603
-7.992622,-5.610603
-7.992622,-5.610603
-7.992622,-5.610603
-7.992622,-5.610603
-7.992622,-5.610603
-7.992622,-5.610603
-7.992622,-5.610603
-7.992622,-5.610603
-7.992622,-5.610603
-7.992622,-5.610603
-7.992622,-5.610603
-7.992622,-5.610603
-7.992622,-5.610603
-7.992622,-5.610603
-7.992622,-5.610603
-7.992622,-5.610603
-7.992622,-5.610603
-7.992622,-5.610603
-7.992622,-5.610603
-7.992622,-5.610603
-7.992622,-5.610603
-7.992622,-5.610603
-7.992622,-5.610603
-7.992622,-5.610603
-7.992622,-5.610603
-7.992622,-5.610603
-7.992622,-5.610603
-7.992622,-5.610603
-7.992622,-5.610603
-7.992622,-5.610603
-7.992622,-5.610603
-7.992622,-5.610603
-7.992622,-5.610603
-7.992622,-5.610603
-7.992622,-5.610603
-7.992622,-5.610603
-7.992622,-5.610603
-7.992622,-5.610603
-7.992622,-5.610603
-8.068357,-5.545302
-8.068357,-5.545302
-8.068357,-5.545302
-8.068357,-5.545302
-8.068357,-5.545302
-8.068357,-5.545302
-8.068357,-5.545302
-7.924848,-4.612884
-7.924848,-4.612884
-6.945880,-3.476388
-7.594278,-2.390303
-9.080334,-2.430770
-10.545174,-2.753642
-10.545174,-2.753642
-11.650698,-2.198828
-12.115291,-0.744816
-12.233971,-0.115597
-12.233971,-0.115597
-12.244745,0.025412
-11.908435,0.263942
-11.908435,0.263942
-11.908435,0.263942
-11.908435,0.263942
-11.908435,0.263942
-11.908435,0.263942
-11.908435,0.263942
-11.908435,0.263942
-11.908435,0.263942
-11.908435,0.263942
-11.908435,0.263942
-11.908435,0.263942
-11.908435,0.263942
-11.908435,0.263942
-11.908435,0.263942
-11.908435,0.263942
-11.908435,0.263942
-11.908435,0.263942
-11.908435,0.263942
-11.908435,0.263942
-11.908435,0.263942
-11.908435,0.263942
-11.908435,0.263942
-11.908435,0.263942
-11.908435,0.263942
-11.908435,0.263942
-11.908435,0.263942
-11.908435,0.263942
-11.908435,0.263942
-11.908435,0.263942
-11.908435,0.263942
-11.908435,0.263942
-11.908435,0.263942
-11.908435,0.263942
-11.908435,0.263942
-11.908435,0.263942
-11.908435,0.263942
-11.908435,0.263942
-11.908435,0.263942
-11.908435,0.263942
-11.908435,0.263942
-11.908435,0.263942
-11.908435,0.263942
-11.908435,0.263942
-11.908435,0.263942
-11.908435,0.263942
-11.908435,0.263942
-11.908435,0.263942
-11.908435,0.263942
-11.908435,0.263942
-11.908435,0.263942
-11.908435,0.263942
-11.908435,0.263942
-11.908435,0.263942
-11.908435,0.263942
-11.908435,0.263942
-11.908435,0.263942
-11.908435,0.263942
-11.908435,0.263942
-11.908435,0.263942
-11.908435,0.263942
-11.908435,0.263942
-11.908435,0.263942
-11.908435,0.263942
-11.908435,0.263942
-11.908435,0.263942
-11.908435,0.263942
-11.908435,0.263942
-11.908435,0.263942
-11.908435,0.263942
-11.908435,0.263942
-11.908435,0.263942
-11.908435,0.263942
-11.908435,0.263942
-11.908435,0.263942
-11.908435,0.263942
-11.908435,0.263942
-11.908435,0.263942
-11.908435,0.263942
-11.908435,0.263942
-11.908435,0.263942
-11.908435,0.263942
-11.908435,0.263942
-11.908435,0.263942
-11.908435,0.263942
-11.908435,0.263942
-11.908435,0.263942
-11.908435,0.263942
-11.908435,0.263942
-11.908435,0.263942
-11.908435,0.263942
-11.908435,0.263942
-11.908435,0.263942
-11.908435,0.263942
-11.908435,0.263942
-11.908435,0.263942
-11.908435,0.263942
-11.908435,0.263942
-11.908435,0.263942
-11.908435,0.263942
-11.908435,0.263942
-11.908435,0.263942
-11.908435,0.263942
-11.908435,0.263942
-11.908435,0.263942
-11.908435,0.263942
-11.908435,0.263942
-11.908435,0.263942
-11.908435,0.263942
-11.908435,0.263942
-11.908435,0.263942
-11.908435,0.263942
-11.908435,0.263942
-11.908435,0.263942
-11.908435,0.263942
-11.908435,0.263942
-11.908435,0.263942
-11.908435,0.263942
-11.908435,0.263942
-11.908435,0.263942
-11.908435,0.263942
-11.908435,0.263942
-11.908435,0.263942
-11.908435,0.263942
-11.908435,0.263942
-11.908435,0.263942
-11.908435,0.263942
-11.908435,0.263942
-11.908435,0.263942
-11.908435,0.263942
-11.908435,0.263942
-11.908435,0.263942
-11.908435,0.263942
-11.908435,0.263942
-11.908435,0.263942
-11.908435,0.263942
-11.908435,0.263942
-11.908435,0.263942
-11.908435,0.263942
-11.908435,0.263942
-11.908435,0.263942
-11.908435,0.263942
-11.908435,0.263942
-11.908435,0.263942
-11.908435,0.263942
-11.908435,0.263942
-11.908435,0.263942
-11.908435,0.263942
-11.908435,0.263942
-11.908435,0.263942
-11.908435,0.263942
-11.908435,0.263942
-11.908435,0.263942
-11.908435,0.263942
-11.908435,0.263942
-11.908435,0.263942
-11.908435,0.263942
-11.908435,0.263942
-11.908435,0.263942
-11.908435,0.263942
-11.908435,0.263942
-11.908435,0.263942
-11.908435,0.263942
-11.908435,0.263942
-11.908435,0.263942
-11.908435,0.263942
-11.908435,0.263942
-11.908435,0.263942
-11.908435,0.263942
-11.908435,0.263942
-11.908435,0.263942
-11.908435,0.263942
-11.908435,0.263942
-11.908435,0.263942
-11.908435,0.263942
-11.908435,0.263942
-11.908435,0.263942
-11.908435,0.263942
-11.908435,0.263942
-11.908435,0.263942
-11.908435,0.263942
-11.908435,0.263942
-11.908435,0.263942
-11.908435,0.263942
-11.908435,0.263942
-11.908435,0.263942
-11.908435,0.263942
-11.908435,0.263942
-11.908435,0.263942
-11.908435,0.263942
-11.908435,0.263942
-11.908435,0.263942
-11.908435,0.263942
-11.908435,0.263942
-11.908435,0.263942
-11.908435,0.263942
-11.908435,0.263942
-11.908435,0.263942
-11.908435,0.263942
-11.908435,0.263942
-11.908435,0.263942
-11.908435,0.263942
-11.908435,0.263942
-11.908435,0.263942
-11.908435,0.263942
-11.908435,0.263942
-11.908435,0.263942
-11.908435,0.263942
-11.908435,0.263942
-11.908435,0.263942
-11.908435,0.263942
-11.908435,0.263942
-11.908435,0.263942
-11.908435,0.263942
-11.908435,0.263942
-11.908435,0.263942
-11.908435,0.263942
-11.908435,0.263942
-11.908435,0.263942
-11.908435,0.263942
-11.908435,0.263942
-11.908435,0.263942
-11.908435,0.263942
-11.908435,0.263942
-11.908435,0.263942
-11.908435,0.263942
-11.908435,0.263942
-11.908435,0.263942
-11.908435,0.263942
-11.908435,0.263942
-11.908435,0.263942
-11.908435,0.263942
-11.908435,0.263942
-11.908435,0.263942
-11.908435,0.263942
-11.908435,0.263942
-11.908435,0.263942
-11.908435,0.263942
-11.908435,0.263942
-11.908435,0.263942
-11.908435,0.263942
-11.908435,0.263942
-11.908435,0.263942
-11.908435,0.263942
-11.908435,0.263942
-11.908435,0.263942
-11.908435,0.263942
-11.908435,0.263942
-11.908435,0.263942
-11.908435,0.263942
-11.908435,0.263942
-11.908435,0.263942
-11.908435,0.263942
-11.908435,0.263942
-11.908435,0.263942
-11.908435,0.263942
-11.908435,0.263942
-11.908435,0.263942
-11.908435,0.263942
-11.908435,0.263942
-11.908435,0.263942
-11.908435,0.263942
-11.908435,0.263942
-11.908435,0.263942
-11.908435,0.263942
-11.908435,0.263942
-11.908435,0.263942
-11.908435,0.263942
-11.908435,0.263942
-11.908435,0.263942
-11.908435,0.263942
-11.908435,0.263942
-11.908435,0.263942
-11.908435,0.263942
-11.908435,0.263942
-11.908435,0.263942
-11.908435,0.263942
-11.908435,0.263942
-11.908435,0.263942
-11.908435,0.263942
-11.908435,0.263942
-11.908435,0.263942
-11.908435,0.263942
-11.908435,0.263942
-11.908435,0.263942
-11.908435,0.263942
-11.908435,0.263942
-11.908435,0.263942
-11.908435,0.263942
-11.908435,0.263942
-11.908435,0.263942
-11.908435,0.263942
-11.908435,0.263942
-11.908435,0.263942
-11.908435,0.263942
-11.908435,0.263942
-11.908435,0.263942
-11.908435,0.263942
-11.908435,0.263942
-11.908435,0.263942
-11.908435,0.263942
-11.908435,0.263942
-11.908435,0.263942
-11.908435,0.263942
-11.908435,0.263942
-11.908435,0.263942
-11.908435,0.263942
-11.908435,0.263942
-11.908435,0.263942
-11.908435,0.263942
-11.908435,0.263942
-11.908435,0.263942
-11.908435,0.263942
-11.908435,0.263942
-11.908435,0.263942
-11.908435,0.263942
-11.908435,0.263942
-11.908435,0.263942
-11.908435,0.263942
-11.908435,0.263942
-11.908435,0.263942
-11.908435,0.263942
-11.908435,0.263942
-11.908435,0.263942
-11.908435,0.263942
-11.908435,0.263942
-11.908435,0.263942
-11.908435,0.263942
-11.908435,0.263942
-11.908435,0.263942
-11.908435,0.263942
-11.908435,0.263942
-11.908435,0.263942
-11.908435,0.263942
-11.908435,0.263942
-11.908435,0.263942
-11.908435,0.263942
-11.908435,0.263942
-11.908435,0.263942
-11.908435,0.263942
-11.908435,0.263942
-11.908435,0.263942
-11.908435,0.263942
-11.908435,0.263942
-11.908435,0.263942
-11.908435,0.263942
-11.908435,0.263942
-11.908435,0.263942
-11.908435,0.263942
-11.908435,0.263942
-11.908435,0.263942
-11.908435,0.263942
-11.908435,0.263942
-11.908435,0.263942
-11.908435,0.263942
-11.908435,0.263942
-11.908435,0.263942
-11.908435,0.263942
-11.908435,0.263942
-11.908435,0.263942
-11.908435,0.263942
-11.908435,0.263942
-11.908435,0.263942
-11.908435,0.263942
-11.908435,0.263942
-11.908435,0.263942
-11.908435,0.263942
-11.908435,0.263942
-11.908435,0.263942
-11.908435,0.263942
-11.908435,0.263942
-11.908435,0.263942
-11.908435,0.263942
-11.908435,0.263942
-11.908435,0.263942
-11.908435,0.263942
-11.908435,0.263942
-11.908435,0.263942
-11.908435,0.263942
-11.908435,0.263942
-11.908435,0.263942
-11.908435,0.263942
-11.908435,0.263942
-11.908435,0.263942
-11.908435,0.263942
-11.908435,0.263942
-11.908435,0.263942
-11.908435,0.263942
-11.908435,0.263942
-11.908435,0.263942
-11.908435,0.263942
-11.908435,0.263942
-11.908435,0.263942
-11.908435,0.263942
-11.908435,0.263942
-11.908435,0.263942
-11.908435,0.263942
-11.908435,0.263942
-11.908435,0.263942
-11.908435,0.263942
-11.908435,0.263942
-11.908435,0.263942
-11.908435,0.263942
-11.908435,0.263942
-11.908435,0.263942
-11.908435,0.263942
-11.908435,0.263942
-11.908435,0.263942
-11.908435,0.263942
-11.908435,0.263942
-11.908435,0.263942
-11.908435,0.263942
-11.908435,0.263942
-11.908435,0.263942
-11.908435,0.263942
-11.908435,0.263942
-11.908435,0.263942
-11.908435,0.263942
-11.908435,0.263942
-11.908435,0.263942
-11.908435,0.263942
-11.908435,0.263942
-11.908435,0.263942
-11.908435,0.263942
-11.908435,0.263942
-11.908435,0.263942
-11.908435,0.263942
-11.908435,0.263942
-11.908435,0.263942
-11.908435,0.263942
-11.908435,0.263942
-11.908435,0.263942
-11.908435,0.263942
-11.908435,0.263942
-11.908435,0.263942
-11.908435,0.263942
-11.908435,0.263942
-11.908435,0.263942
-11.908435,0.263942
-11.908435,0.263942
-11.908435,0.263942
-11.908435,0.263942
-11.908435,0.263942
-11.908435,0.263942
-11.908435,0.263942
-11.908435,0.263942
-11.908435,0.263942
-11.908435,0.263942
-11.908435,0.263942
-11.908435,0.263942
-11.908435,0.263942
-11.908435,0.263942
-11.908435,0.263942
-11.908435,0.263942
-11.908435,0.263942
-11.908435,0.263942
-11.908435,0.263942
-11.908435,0.263942
-11.908435,0.263942
-11.908435,0.263942
-11.908435,0.263942
-11.908435,0.263942
-11.908435,0.263942
-11.908435,0.263942
-11.908435,0.263942
-11.908435,0.263942
-11.908435,0.263942
-11.908435,0.263942
-11.908435,0.263942
-11.908435,0.263942
-11.908435,0.263942
-11.908435,0.263942
-11.908435,0.263942
-11.908435,0.263942
-11.908435,0.263942
-11.908435,0.263942
-11.908435,0.263942
-11.908435,0.263942
-11.908435,0.263942
-11.908435,0.263942
-11.908435,0.263942
-11.908435,0.263942
-11.908435,0.263942
-11.908435,0.263942
-11.908435,0.263942
-11.908435,0.263942
-11.908435,0.263942
-11.908435,0.263942
-11.908435,0.263942
-11.908435,0.263942
-11.908435,0.263942
-11.908435,0.263942
-11.908435,0.263942
-11.908435,0.263942
-11.908435,0.263942
-11.908435,0.263942
-11.908435,0.263942
-11.908435,0.263942
-11.908435,0.263942
-11.908435,0.263942
-11.908435,0.263942
-11.908435,0.263942
-11.908435,0.263942
-11.908435,0.263942
-11.908435,0.263942
-11.908435,0.263942
-11.908435,0.263942
-11.908435,0.263942
-11.908435,0.263942
-11.908435,0.263942
-11.908435,0.263942
-11.908435,0.263942
-11.908435,0.263942
-11.908435,0.263942
-11.908435,0.263942
-11.908435,0.263942
-11.908435,0.263942
-11.908435,0.263942
-11.908435,0.263942
-11.908435,0.263942
-11.908435,0.263942
-11.908435,0.263942
-11.908435,0.263942
-11.908435,0.263942
-11.908435,0.263942
-11.908435,0.263942
-11.908435,0.263942
-11.908435,0.263942
-11.908435,0.263942
-11.908435,0.263942
-11.908435,0.263942
-11.908435,0.263942
-11.908435,0.263942
-11.908435,0.263942
-11.908435,0.263942
-11.908435,0.263942
-11.908435,0.263942
-11.908435,0.263942
-11.908435,0.263942
-11.908435,0.263942
-11.908435,0.263942
-11.908435,0.263942
-11.908435,0.263942
-11.908435,0.263942
-11.908435,0.263942
-11.908435,0.263942
-11.908435,0.263942
-11.908435,0.263942
-11.908435,0.263942
-11.908435,0.263942
-11.908435,0.263942
-11.908435,0.263942
-11.908435,0.263942
-11.908435,0.263942
-11.908435,0.263942
-11.908435,0.263942
-11.908435,0.263942
-11.908435,0.263942
-11.908435,0.263942
-11.908435,0.263942
-11.908435,0.263942
-11.908435,0.263942
-11.908435,0.263942
-11.908435,0.263942
-11.908435,0.263942
-11.908435,0.263942
-11.908435,0.263942
-11.908435,0.263942
-11.908435,0.263942
-11.908435,0.263942
-11.908435,0.263942
-11.908435,0.263942
-11.908435,0.263942
-11.908435,0.263942
-11.908435,0.263942
-11.908435,0.263942
-11.908435,0.263942
-11.908435,0.263942
-11.908435,0.263942
-11.908435,0.263942
-11.908435,0.263942
-11.908435,0.263942
-11.908435,0.263942
-11.908435,0.263942
-11.908435,0.263942
-11.908435,0.263942
-11.908435,0.263942
-11.908435,0.263942
-11.908435,0.263942
-11.908435,0.263942
-11.908435,0.263942
-11.908435,0.263942
-11.908435,0.263942
-11.908435,0.263942
-11.908435,0.263942
-11.908435,0.263942
-11.908435,0.263942
-11.908435,0.263942
-11.908435,0.263942
-11.908435,0.263942
-11.908435,0.263942
-11.908435,0.263942
-12.450229,-0.062345
-12.450229,-0.062345
-12.242574,-0.897138
-12.242574,-0.897138
-12.057010,-1.449918
-12.057010,-1.449918
-11.992108,-1.373837
-12.079418,-1.167980
-12.079418,-1.167980
-12.079418,-1.167980
-12.144280,-1.244089
-12.144280,-1.244089
-12.045592,-1.590876
-12.045592,-1.590876
-12.045592,-1.590876
-11.391201,-2.673361
-11.391201,-2.673361
-10.099815,-2.853151
-8.636783,-2.522187
-8.636783,-2.522187
-7.368146,-2.419439
-6.918423,-3.588946
-8.000120,-4.244639
-8.000120,-4.244639
-8.651679,-4.085044
-9.744612,-4.600307
-9.744612,-4.600307
-11.089383,-4.640225
-11.089383,-4.640225
-12.187225,-4.234339
-12.087535,-4.580837
-12.087535,-4.580837
-12.087535,-4.580837
-11.036386,-4.422459
-11.036386,-4.422459
-11.071652,-3.999663
-11.071652,-3.999663
-11.071652,-3.999663
-11.071652,-3.999663
-11.071652,-3.999663
-11.071652,-3.999663
-11.071652,-3.999663
-11.071652,-3.999663
-11.071652,-3.999663
-11.071652,-3.999663
-11.071652,-3.999663
-11.071652,-3.999663
-11.071652,-3.999663
-11.071652,-3.999663
-11.071652,-3.999663
-11.071652,-3.999663
-11.071652,-3.999663
-11.071652,-3.999663
-10.959925,-4.487020
-10.959925,-4.487020
-10.959925,-4.487020
-10.959925,-4.487020
-10.959925,-4.487020
-10.959925,-4.487020
-10.959925,-4.487020
-10.959925,-4.487020
-10.959925,-4.487020
-10.959925,-4.487020
-10.959925,-4.487020
-10.959925,-4.487020
-10.959925,-4.487020
-10.959925,-4.487020
-10.959925,-4.487020
-10.959925,-4.487020
-10.959925,-4.487020
-10.959925,-4.487020
-10.959925,-4.487020
-10.959925,-4.487020
-10.959925,-4.487020
-10.959925,-4.487020
-10.114368,-4.416082
-10.114368,-4.416082
-10.584565,-3.887958
-10.584565,-3.887958
-10.584565,-3.887958
-10.584565,-3.887958
-10.584565,-3.887958
-10.584565,-3.887958
-10.637137,-4.105298
-10.637137,-4.105298
-10.637137,-4.105298
-10.637137,-4.105298
-10.637137,-4.105298
-10.637137,-4.105298
-10.637137,-4.105298
-10.637137,-4.105298
-10.637137,-4.105298
-10.637137,-4.105298
-10.637137,-4.105298
-10.637137,-4.105298
-10.637137,-4.105298
-10.637137,-4.105298
-10.637137,-4.105298
-10.637137,-4.105298
-10.637137,-4.105298
-10.637137,-4.105298
-10.637137,-4.105298
-10.637137,-4.105298
-10.637137,-4.105298
-10.637137,-4.105298
-10.637137,-4.105298
-10.637137,-4.105298
-10.637137,-4.105298
-10.637137,-4.105298
-10.637137,-4.105298
-10.637137,-4.105298
-10.637137,-4.105298
-10.637137,-4.105298
-10.637137,-4.105298
-10.637137,-4.105298
-10.637137,-4.105298
-10.637137,-4.105298
-10.637137,-4.105298
-10.637137,-4.105298
-10.637137,-4.105298
-10.637137,-4.105298
-10.637137,-4.105298
-10.637137,-4.105298
-10.637137,-4.105298
-10.637137,-4.105298
-10.637137,-4.105298
-10.637137,-4.105298
-10.637137,-4.105298
-10.637137,-4.105298
-10.637137,-4.105298
-10.637137,-4.105298
-10.637137,-4.105298
-10.637137,-4.105298
-10.637137,-4.105298
-10.637137,-4.105298
-10.637137,-4.105298
-10.637137,-4.105298
-10.637137,-4.105298
-10.637137,-4.105298
-10.637137,-4.105298
-10.637137,-4.105298
-10.637137,-4.105298
-10.637137,-4.105298
-10.637137,-4.105298
-10.830462,-4.334700
-10.830462,-4.334700
-10.894886,-4.411185
-10.894886,-4.411185
-10.894886,-4.411185
-10.894886,-4.411185
-10.894886,-4.411185
-10.894886,-4.411185
-10.894886,-4.411185
-10.894886,-4.411185
-10.894886,-4.411185
-10.894886,-4.411185
-10.894886,-4.411185
-10.894886,-4.411185
-10.894886,-4.411185
-10.894886,-4.411185
-10.894886,-4.411185
-10.894886,-4.411185
-10.894886,-4.411185
-11.164598,-4.576276
-11.164598,-4.576276
-11.164598,-4.576276
-11.164598,-4.576276
-11.164598,-4.576276
-11.164598,-4.576276
-11.164598,-4.576276
-11.164598,-4.576276
-11.164598,-4.576276
-11.164598,-4.576276
-11.164598,-4.576276
-11.164598,-4.576276
-11.164598,-4.576276
-11.164598,-4.576276
-11.164598,-4.576276
-11.164598,-4.576276
-11.164598,-4.576276
-11.164598,-4.576276
-11.164598,-4.576276
-11.164598,-4.576276
-11.164598,-4.576276
-11.164598,-4.576276
-11.164598,-4.576276
-11.164598,-4.576276
-11.164598,-4.576276
-11.164598,-4.576276
-11.164598,-4.576276
-11.265368,-4.230089
-11.265368,-4.230089
-11.265368,-4.230089
-11.128029,-4.998944
-11.128029,-4.998944
-11.296686,-5.510368
-11.296686,-5.510368
-11.296686,-5.510368
-11.220126,-5.574699
-11.220126,-5.574699
-11.220126,-5.574699
-11.220126,-5.574699
-11.220126,-5.574699
-11.220126,-5.574699
-11.220126,-5.574699
-11.220126,-5.574699
-11.220126,-5.574699
-11.220126,-5.574699
-11.220126,-5.574699
-11.220126,-5.574699
-11.220126,-5.574699
-11.220126,-5.574699
-11.220126,-5.574699
-11.220126,-5.574699
-11.220126,-5.574699
-11.220126,-5.574699
-11.220126,-5.574699
-11.220126,-5.574699
-11.220126,-5.574699
-11.220126,-5.574699
-11.220126,-5.574699
-11.220126,-5.574699
-11.220126,-5.574699
-11.220126,-5.574699
-11.220126,-5.574699
-11.220126,-5.574699
-11.220126,-5.574699
-11.220126,-5.574699
-11.220126,-5.574699
-11.220126,-5.574699
-11.220126,-5.574699
-11.220126,-5.574699
-11.220126,-5.574699
-11.220126,-5.574699
-11.220126,-5.574699
-10.938349,-5.550172
-10.938349,-5.550172
-10.938349,-5.550172
-10.938349,-5.550172
-11.027238,-5.344993
-11.027238,-5.344993
-11.407918,-4.242686
-11.407918,-4.242686
-11.407918,-4.242686
-10.730575,-4.679959
-9.526932,-4.644719
-9.526932,-4.644719
-8.118223,-4.520054
-7.296334,-3.382292
-7.357512,-1.896945
-7.357512,-1.896945
-7.559907,-0.424181
-7.391608,0.868751
-7.134237,1.956759
-7.134237,1.956759
-8.016616,3.084326
-9.283710,3.751017
-9.283710,3.751017
-10.602278,4.199767
-12.100290,4.276937
-12.100290,4.276937
-13.572714,4.072063
-15.057925,4.007673
-16.095257,4.480902
-16.095257,4.480902
-17.580439,4.415799
-18.924017,3.582255
-18.924017,3.582255
-19.486370,2.749333
-19.486370,2.749333
-19.600040,1.673659
-19.600040,1.673659
-19.163223,0.790941
-18.380690,0.011428
-18.380690,0.011428
-17.113380,0.129413
-16.037594,0.016776
-16.037594,0.016776
-14.717630,-0.427852
-13.758433,-0.053770
-13.758433,-0.053770
-13.067677,0.153256
-13.067677,0.153256
-12.082104,0.246205
-11.492304,0.017869
-11.492304,0.017869
-11.492304,0.017869
-11.492304,0.017869
-11.492304,0.017869
-11.492304,0.017869
-11.492304,0.017869
-11.556025,-0.059198
-11.556025,-0.059198
-11.556025,-0.059198
-11.556025,-0.059198
-11.556025,-0.059198
-11.556025,-0.059198
-11.556025,-0.059198
-11.556025,-0.059198
-11.556025,-0.059198
-11.556025,-0.059198
-11.556025,-0.059198
-11.556025,-0.059198
-11.324774,-0.250307
-11.324774,-0.250307
-11.324774,-0.250307
-11.324774,-0.250307
-11.324774,-0.250307
-11.324774,-0.250307
-11.324774,-0.250307
-11.324774,-0.250307
-11.324774,-0.250307
-11.324774,-0.250307
-11.324774,-0.250307
-11.324774,-0.250307
-11.324774,-0.250307
-11.324774,-0.250307
-11.324774,-0.250307
-11.324774,-0.250307
-11.324774,-0.250307
-11.324774,-0.250307
-11.324774,-0.250307
-11.619783,-0.136425
-11.619783,-0.136425
-11.619783,-0.136425
-11.388395,-0.327368
-11.183991,-0.236707
-11.183991,-0.236707
-11.183991,-0.236707
-11.183991,-0.236707
-11.183991,-0.236707
-11.183991,-0.236707
-11.183991,-0.236707
-11.183991,-0.236707
-11.183991,-0.236707
-11.183991,-0.236707
-11.183991,-0.236707
-11.183991,-0.236707
-11.183991,-0.236707
-11.451983,-0.404576
-11.451983,-0.404576
-11.760685,-0.150208
-11.760685,-0.150208
-11.760685,-0.150208
-11.760685,-0.150208
-11.760685,-0.150208
-11.760685,-0.150208
-11.760685,-0.150208
-11.760685,-0.150208
-11.760685,-0.150208
-11.760685,-0.150208
-11.760685,-0.150208
-11.760685,-0.150208
-11.760685,-0.150208
-11.760685,-0.150208
-11.760685,-0.150208
-11.760685,-0.150208
-11.760685,-0.150208
-11.760685,-0.150208
-11.760685,-0.150208
-11.760685,-0.150208
-11.760685,-0.150208
-11.760685,-0.150208
-11.760685,-0.150208
-11.760685,-0.150208
-11.760685,-0.150208
-11.760685,-0.150208
-11.760685,-0.150208
-11.760685,-0.150208
-11.760685,-0.150208
-11.760685,-0.150208
-11.760685,-0.150208
-11.760685,-0.150208
-11.760685,-0.150208
-11.388350,-0.327312
-11.388350,-0.327312
-11.542761,-0.200202
-11.542761,-0.200202
-11.542761,-0.200202
-11.542761,-0.200202
-11.542761,-0.200202
-11.542761,-0.200202
-11.542761,-0.200202
-11.542761,-0.200202
-11.542761,-0.200202
-11.542761,-0.200202
-11.542761,-0.200202
-11.542761,-0.200202
-11.542761,-0.200202
-11.542761,-0.200202
-11.542761,-0.200202
-11.542761,-0.200202
-11.542761,-0.200202
-11.542761,-0.200202
-11.542761,-0.200202
-11.542761,-0.200202
-11.542761,-0.200202
-11.542761,-0.200202
-11.542761,-0.200202
-11.542761,-0.200202
-11.542761,-0.200202
-11.542761,-0.200202
-11.542761,-0.200202
-11.542761,-0.200202
-11.542761,-0.200202
-11.542761,-0.200202
-11.542761,-0.200202
-11.542761,-0.200202
-11.542761,-0.200202
-11.542761,-0.200202
-11.542761,-0.200202
-11.583814,0.222073
-11.583814,0.222073
-11.801805,0.271871
-11.801805,0.271871
-11.801805,0.271871
-11.801805,0.271871
-11.801805,0.271871
-11.801805,0.271871
-11.801805,0.271871
-11.801805,0.271871
-11.801805,0.271871
-11.801805,0.271871
-11.801805,0.271871
-11.801805,0.271871
-11.801805,0.271871
-11.801805,0.271871
-11.801805,0.271871
-11.801805,0.271871
-11.801805,0.271871
-11.801805,0.271871
-11.801805,0.271871
-11.801805,0.271871
-11.738305,0.349124
-11.738305,0.349124
-12.955341,0.443062
-14.376607,0.445604
-14.376607,0.445604
-15.720573,0.384364
-16.937677,0.477424
-16.937677,0.477424
-17.233070,0.590314
-17.233070,0.590314
-17.233070,0.590314
-17.233070,0.590314
-17.233070,0.590314
-17.233070,0.590314
-17.233070,0.590314
-17.058037,-0.458190
-17.058037,-0.458190
-17.058037,-0.458190
-17.058037,-0.458190
-17.058037,-0.458190
-17.058037,-0.458190
-17.058037,-0.458190
-17.058037,-0.458190
-17.058037,-0.458190
-17.058037,-0.458190
-17.058037,-0.458190
-17.058037,-0.458190
-17.058037,-0.458190
-17.058037,-0.458190
-17.058037,-0.458190
-17.058037,-0.458190
-17.058037,-0.458190
-17.058037,-0.458190
-16.980679,-0.521559
-16.980679,-0.521559
-16.980679,-0.521559
-16.980679,-0.521559
-16.980679,-0.521559
-16.980679,-0.521559
-16.980679,-0.521559
-16.980679,-0.521559
-16.649902,-0.275416
-16.649902,-0.275416
-16.649902,-0.275416
